id     | user_id | dataset_id | score | cigar_files                                                                                                                                 | last_saved          | current_best | was_best | icon_id |
348 |      49 |       9792 |  1835 | 4514,4515,4516,4517,4518,4519,4520,4521,4522,4523,4524,4525,4526,4527,4528,4529,4530,4531,4532                                              | 2013-08-09 17:24:13 |            0 |        1 |      21 |
349 |      49 |       5169 |  -478 |                                                                                                                                             | 2013-08-08 16:35:28 |            0 |        0 |       4 |
350 |      49 |       8037 |   131 | 4533,4534,4535,4536,4537,4538,4539,4540,4541,4542,4543,4544,4545,4546,4547,4548,4549,4550,4551,4552                                         | 2013-08-08 16:35:52 |            0 |        0 |       5 |
352 |      49 |        522 |  -413 | 4573,4574,4575,4576,4577,4578,4579,4580,4581,4582,4583,4584,4585,4586,4587,4588,4589,4590,4591,4592                                         | 2013-08-09 17:29:12 |            0 |        1 |      17 |
353 |      49 |       8655 |  -693 |                                                                                                                                             | 2013-08-09 09:21:44 |            0 |        0 |       9 |
369 |      49 |       7247 |   219 | 4790,4791,4792,4793,4794,4795,4796,4797,4798,4799,4800,4801,4802,4803,4804,4805,4806,4807,4808,4809                                         | 2013-08-09 14:30:47 |            0 |        1 |      32 |
370 |      49 |       4796 |    84 | 4810,4811,4812,4813,4814,4815,4816,4817,4818,4819,4820,4821,4822,4823,4824                                                                  | 2013-08-09 14:31:21 |            0 |        1 |       3 |
371 |      49 |       4863 |    30 | 4825,4826,4827,4828,4829,4830,4831,4832,4833,4834,4835,4836                                                                                 | 2013-08-09 17:21:49 |            0 |        1 |      15 |
372 |      49 |       1413 |  1382 | 4837,4838,4839,4840,4841,4842,4843,4844,4845,4846,4847,4848,4849,4850,4851,4852,4853,4854,4855,4856                                         | 2013-08-09 17:20:15 |            0 |        1 |       1 |
373 |      49 |       6471 |    97 | 4857,4858,4859,4860,4861,4862,4863,4864,4865,4866,4867,4868,4869,4870,4871,4872,4873,4874,4875,4876                                         | 2013-08-09 10:25:30 |            0 |        1 |      14 |
374 |      49 |       4040 |   -65 | 4877,4878,4879,4880,4881,4882,4883,4884,4885                                                                                                | 2013-08-09 11:58:17 |            0 |        1 |       2 |
388 |      49 |       7553 |   -15 | 5247,5248,5249,5250,5251,5252,5253,5254,5255,5256,5257,5258,5259,5260,5261,5262,5263,5264,5265,5266                                         | 2013-08-09 17:21:19 |            0 |        1 |      21 |
389 |      49 |       6584 |  -442 | 5108,5109,5110,5111,5112,5113,5114,5115,5116,5117,5118,5119,5120,5121,5122,5123,5124,5125,5126                                              | 2013-08-09 11:50:55 |            0 |        1 |       6 |
390 |      49 |        930 |  -276 | 5127,5128,5129,5130,5131,5132,5133,5134,5135,5136,5137,5138,5139,5140,5141,5142,5143,5144,5145,5146                                         | 2013-08-09 11:51:32 |            0 |        1 |      24 |
391 |      49 |        443 |     6 | 5147,5148,5149,5150,5151,5152,5153,5154,5155,5156,5157,5158,5159,5160,5161,5162,5163,5164,5165,5166                                         | 2013-08-09 17:28:49 |            0 |        1 |      22 |
392 |      49 |       9867 |  -250 | 5167,5168,5169,5170,5171,5172,5173,5174,5175,5176,5177,5178,5179,5180,5181,5182,5183,5184,5185,5186                                         | 2013-08-09 11:52:36 |            0 |        1 |      10 |
394 |      49 |       1647 |  -232 | 5227,5228,5229,5230,5231,5232,5233,5234,5235,5236,5237,5238,5239,5240,5241,5242,5243,5244,5245,5246                                         | 2013-08-09 14:31:57 |            0 |        1 |      23 |
398 |      49 |       2276 |    40 | 5267                                                                                                                                        | 2013-08-14 16:57:50 |            0 |        1 |       3 |
399 |      49 |       7503 |    68 | 5268,5269,5270,5271,5272,5273,5274,5275,5276,5277                                                                                           | 2013-08-09 17:31:08 |            0 |        1 |       2 |
428 |      49 |       1791 |  -924 | 5548,5549,5550,5551,5552,5553,5554,5555,5556,5557,5558,5559,5560,5561,5562,5563,5564,5565,5566,5567                                         | 2013-08-12 16:27:51 |            0 |        1 |       9 |
429 |      49 |       8526 |  -176 |                                                                                                                                             | 2013-08-12 16:28:04 |            0 |        0 |      12 |
8603 |      49 |       9094 |  -193 | 109596,109597,109598,109599,109600,109601,109602,109603,109604,109605,109606,109607,109608,109609,109610,109611,109612,109613,109614,109615 | 2013-08-14 16:46:48 |            0 |        1 |      15 |
8610 |      49 |       7679 |   -27 | 109756,109757                                                                                                                               | 2013-08-13 15:01:52 |            0 |        1 |       6 |
21573 |      49 |       9043 |   668 | 266185,266186,266187,266188,266189,266190,266191,266192,266193,266194,266195,266196,266197,266198,266199,266200,266201,266202,266203,266204 | 2013-08-14 17:29:45 |            0 |        1 |       1 |
23435 |      49 |       6829 |    20 | 274244,274245,274246,274247,274248,274249,274250,274251,274252,274253,274254,274255,274256,274257,274258,274259,274260,274261,274262,274263 | 2013-08-14 13:30:16 |            0 |        1 |      13 |
24353 |      49 |       2481 |  1722 | 282196,282197,282198,282199,282200,282201,282202,282203,282204,282205,282206,282207,282208,282209,282210,282211,282212,282213,282214,282215 | 2013-08-14 16:53:17 |            1 |        1 |      25 |
25006 |      49 |       1267 |  1496 | 282036,282037,282038,282039,282040,282041,282042,282043,282044,282045,282046,282047,282048,282049,282050,282051,282052,282053,282054,282055 | 2013-08-14 16:52:27 |            1 |        1 |      17 |
25008 |      49 |       1211 |  1717 | 282056,282057,282058,282059,282060,282061,282062,282063,282064,282065,282066,282067,282068,282069,282070,282071,282072,282073,282074,282075 | 2013-08-14 16:52:37 |            1 |        1 |      15 |
25011 |      49 |       8018 |  1940 | 282076,282077,282078,282079,282080,282081,282082,282083,282084,282085,282086,282087,282088,282089,282090,282091,282092,282093,282094,282095 | 2013-08-14 16:52:48 |            1 |        1 |      26 |
25012 |      49 |       6415 |  1684 | 282123,282125,282127,282129,282131,282133,282135,282137,282139,282141,282143,282145,282147,282149,282150,282151,282152,282153,282154,282155 | 2013-08-14 16:52:58 |            1 |        1 |      25 |
25014 |      49 |       8800 |  1696 | 282176,282177,282178,282179,282180,282181,282182,282183,282184,282185,282186,282187,282188,282189,282190,282191,282192,282193,282194,282195 | 2013-08-14 16:53:07 |            1 |        1 |      18 |
25016 |      49 |         54 |  1865 | 282220,282221,282222,282223,282224,282225,282226,282227,282228,282229,282230,282231,282232,282233,282234,282235,282236,282237,282238,282239 | 2013-08-14 16:53:27 |            1 |        1 |       4 |
25018 |      49 |       7371 |  1535 | 282240,282241,282242,282243,282244,282245,282246,282247,282248,282249,282250,282251,282252,282253,282254,282255,282256,282257,282258,282259 | 2013-08-14 16:53:36 |            1 |        1 |      24 |
25019 |      49 |      10057 |  1755 | 282280,282281,282282,282283,282284,282285,282286,282287,282288,282289,282290,282291,282292,282293,282294,282295,282296,282297,282298,282299 | 2013-08-14 16:53:46 |            1 |        1 |      18 |
25021 |      49 |       8015 |  1932 | 282323,282324,282325,282326,282327,282328,282329,282330,282331,282332,282333,282334,282335,282336,282337,282338,282339,282340,282341,282342 | 2013-08-14 16:54:58 |            1 |        1 |       4 |
25026 |      49 |       6872 |  -577 |                                                                                                                                             | 2013-08-14 16:58:54 |            0 |        0 |      17 |
25042 |      49 |       8266 |   152 |                                                                                                                                             | 2013-08-14 16:56:51 |            0 |        0 |       6 |
25050 |      49 |       5031 |   324 | 282540,282541,282542,282543                                                                                                                 | 2013-08-14 16:57:38 |            1 |        1 |      16 |
25193 |      49 |       4588 |   273 |                                                                                                                                             | 2013-08-14 17:19:45 |            0 |        0 |       6 |
25223 |      49 |       6718 |  1236 |                                                                                                                                             | 2013-08-14 17:25:49 |            0 |        0 |       8 |
25227 |      49 |       9004 |   182 | 284760,284761,284762,284763,284764,284765,284766                                                                                            | 2013-08-21 10:25:14 |            0 |        1 |      27 |
25244 |      49 |       1877 |   911 | 284995,284996,284997,284998,284999,285000,285001,285002,285003,285004,285005,285006,285007,285008,285009,285010,285011,285012,285013,285014 | 2013-08-21 10:25:47 |            0 |        1 |      10 |
25267 |      49 |       4995 |  -292 |                                                                                                                                             | 2013-08-14 17:30:36 |            0 |        0 |       8 |
60359 |      49 |       4779 |  -188 | 774491,774492,774493,774494,774495,774496,774497,774498,774499,774500,774501,774502,774503,774504,774505,774506,774507,774508,774509,774510 | 2013-08-21 10:21:36 |            0 |        0 |       3 |
109420 |      49 |       5343 |    73 |                                                                                                                                             | 2013-09-11 09:45:44 |            0 |        0 |      31 |
109421 |      49 |       5868 |  -931 |                                                                                                                                             | 2013-09-11 09:45:54 |            0 |        0 |      24 |
109422 |      49 |       1272 |   -55 |                                                                                                                                             | 2013-09-11 09:46:03 |            0 |        0 |      22 |
109423 |      49 |       1488 |  -219 |                                                                                                                                             | 2013-09-11 09:46:04 |            0 |        0 |      11 |
109424 |      49 |       8665 |  -320 |                                                                                                                                             | 2013-09-11 09:46:05 |            0 |        0 |      29 |
109425 |      49 |       9707 |  -512 |                                                                                                                                             | 2013-09-11 09:46:05 |            0 |        0 |       3 |
109426 |      49 |       8568 |  -109 |                                                                                                                                             | 2013-09-11 09:46:56 |            0 |        0 |      17 |
109427 |      49 |        832 |  -636 |                                                                                                                                             | 2013-09-11 09:47:02 |            0 |        0 |       8 |
109429 |      49 |       5890 |  -554 |                                                                                                                                             | 2013-09-11 09:53:35 |            0 |        0 |       4 |
109430 |      49 |       6590 |     4 |                                                                                                                                             | 2013-09-11 09:53:54 |            0 |        0 |      27 |
109445 |      49 |       4527 |    71 |                                                                                                                                             | 2013-09-11 10:21:55 |            0 |        0 |      18 |
109446 |      49 |       4708 |   -35 |                                                                                                                                             | 2013-09-11 10:22:10 |            0 |        0 |       9 |
109447 |      49 |        775 |  -460 |                                                                                                                                             | 2013-09-11 10:22:26 |            0 |        0 |      24 |
109448 |      49 |       9536 |  -204 |                                                                                                                                             | 2013-09-11 10:22:43 |            0 |        0 |      17 |
109449 |      49 |       2948 |  1448 |                                                                                                                                             | 2013-09-11 10:23:21 |            0 |        0 |       3 |
109452 |      49 |       6189 |  -357 |                                                                                                                                             | 2013-09-11 10:33:13 |            0 |        0 |       8 |
109453 |      49 |       8559 |  -234 |                                                                                                                                             | 2013-09-11 10:33:31 |            0 |        0 |      14 |
109455 |      49 |       5996 |  -424 |                                                                                                                                             | 2013-09-11 10:33:59 |            0 |        0 |      20 |
110231 |      49 |       1351 |  -173 |                                                                                                                                             | 2013-09-12 12:13:30 |            0 |        0 |      10 |
110232 |      49 |       5124 |   -69 |                                                                                                                                             | 2013-09-12 12:13:46 |            0 |        0 |      17 |
