month	nthMonth	hour	sessions
08	0000	00	1013
09	0001	00	277
10	0002	00	144
11	0003	00	177
12	0004	00	85
01	0005	00	78
02	0006	00	66
03	0007	00	43
04	0008	00	31
05	0009	00	37
06	0010	00	26
07	0011	00	25
08	0012	00	2
08	0000	01	647
09	0001	01	166
10	0002	01	75
11	0003	01	87
12	0004	01	30
01	0005	01	36
02	0006	01	36
03	0007	01	19
04	0008	01	18
05	0009	01	15
06	0010	01	11
07	0011	01	11
08	0012	01	2
08	0000	02	595
09	0001	02	145
10	0002	02	76
11	0003	02	98
12	0004	02	20
01	0005	02	24
02	0006	02	29
03	0007	02	24
04	0008	02	14
05	0009	02	21
06	0010	02	20
07	0011	02	5
08	0012	02	0
08	0000	03	563
09	0001	03	136
10	0002	03	67
11	0003	03	63
12	0004	03	20
01	0005	03	16
02	0006	03	23
03	0007	03	17
04	0008	03	25
05	0009	03	15
06	0010	03	15
07	0011	03	8
08	0012	03	1
08	0000	04	482
09	0001	04	108
10	0002	04	55
11	0003	04	46
12	0004	04	16
01	0005	04	20
02	0006	04	26
03	0007	04	20
04	0008	04	8
05	0009	04	18
06	0010	04	14
07	0011	04	9
08	0012	04	2
08	0000	05	491
09	0001	05	121
10	0002	05	38
11	0003	05	46
12	0004	05	19
01	0005	05	23
02	0006	05	11
03	0007	05	13
04	0008	05	18
05	0009	05	12
06	0010	05	18
07	0011	05	11
08	0012	05	2
08	0000	06	745
09	0001	06	161
10	0002	06	78
11	0003	06	43
12	0004	06	24
01	0005	06	26
02	0006	06	28
03	0007	06	20
04	0008	06	38
05	0009	06	23
06	0010	06	28
07	0011	06	17
08	0012	06	2
08	0000	07	1120
09	0001	07	281
10	0002	07	131
11	0003	07	59
12	0004	07	22
01	0005	07	27
02	0006	07	26
03	0007	07	29
04	0008	07	45
05	0009	07	22
06	0010	07	20
07	0011	07	18
08	0012	07	4
08	0000	08	1334
09	0001	08	283
10	0002	08	167
11	0003	08	121
12	0004	08	54
01	0005	08	65
02	0006	08	65
03	0007	08	57
04	0008	08	70
05	0009	08	67
06	0010	08	57
07	0011	08	45
08	0012	08	4
08	0000	09	1334
09	0001	09	269
10	0002	09	173
11	0003	09	148
12	0004	09	104
01	0005	09	95
02	0006	09	95
03	0007	09	73
04	0008	09	57
05	0009	09	57
06	0010	09	50
07	0011	09	40
08	0012	09	6
08	0000	10	1360
09	0001	10	315
10	0002	10	166
11	0003	10	172
12	0004	10	81
01	0005	10	110
02	0006	10	104
03	0007	10	70
04	0008	10	59
05	0009	10	45
06	0010	10	52
07	0011	10	32
08	0012	10	5
08	0000	11	1419
09	0001	11	309
10	0002	11	171
11	0003	11	170
12	0004	11	106
01	0005	11	109
02	0006	11	85
03	0007	11	64
04	0008	11	60
05	0009	11	37
06	0010	11	55
07	0011	11	31
08	0012	11	11
08	0000	12	2357
09	0001	12	386
10	0002	12	228
11	0003	12	202
12	0004	12	103
01	0005	12	102
02	0006	12	91
03	0007	12	91
04	0008	12	73
05	0009	12	60
06	0010	12	55
07	0011	12	41
08	0012	12	3
08	0000	13	2468
09	0001	13	367
10	0002	13	215
11	0003	13	253
12	0004	13	97
01	0005	13	107
02	0006	13	107
03	0007	13	93
04	0008	13	68
05	0009	13	78
06	0010	13	67
07	0011	13	63
08	0012	13	8
08	0000	14	2059
09	0001	14	386
10	0002	14	209
11	0003	14	264
12	0004	14	103
01	0005	14	111
02	0006	14	100
03	0007	14	84
04	0008	14	77
05	0009	14	77
06	0010	14	49
07	0011	14	45
08	0012	14	2
08	0000	15	1950
09	0001	15	397
10	0002	15	236
11	0003	15	247
12	0004	15	137
01	0005	15	134
02	0006	15	103
03	0007	15	90
04	0008	15	79
05	0009	15	70
06	0010	15	73
07	0011	15	62
08	0012	15	10
08	0000	16	1842
09	0001	16	410
10	0002	16	246
11	0003	16	277
12	0004	16	115
01	0005	16	122
02	0006	16	112
03	0007	16	128
04	0008	16	85
05	0009	16	83
06	0010	16	81
07	0011	16	56
08	0012	16	6
08	0000	17	2485
09	0001	17	427
10	0002	17	268
11	0003	17	281
12	0004	17	116
01	0005	17	101
02	0006	17	134
03	0007	17	100
04	0008	17	77
05	0009	17	92
06	0010	17	74
07	0011	17	56
08	0012	17	5
08	0000	18	2157
09	0001	18	424
10	0002	18	246
11	0003	18	822
12	0004	18	139
01	0005	18	156
02	0006	18	103
03	0007	18	102
04	0008	18	71
05	0009	18	70
06	0010	18	70
07	0011	18	61
08	0012	18	10
08	0000	19	1992
09	0001	19	470
10	0002	19	278
11	0003	19	360
12	0004	19	112
01	0005	19	140
02	0006	19	95
03	0007	19	112
04	0008	19	84
05	0009	19	74
06	0010	19	67
07	0011	19	65
08	0012	19	3
08	0000	20	2014
09	0001	20	491
10	0002	20	239
11	0003	20	352
12	0004	20	127
01	0005	20	153
02	0006	20	111
03	0007	20	95
04	0008	20	86
05	0009	20	90
06	0010	20	78
07	0011	20	61
08	0012	20	4
08	0000	21	1839
09	0001	21	433
10	0002	21	214
11	0003	21	324
12	0004	21	113
01	0005	21	137
02	0006	21	111
03	0007	21	110
04	0008	21	77
05	0009	21	73
06	0010	21	84
07	0011	21	62
08	0012	21	8
08	0000	22	1303
09	0001	22	318
10	0002	22	137
11	0003	22	278
12	0004	22	124
01	0005	22	116
02	0006	22	102
03	0007	22	86
04	0008	22	46
05	0009	22	86
06	0010	22	83
07	0011	22	71
08	0012	22	6
08	0000	23	913
09	0001	23	207
10	0002	23	134
11	0003	23	194
12	0004	23	93
01	0005	23	92
02	0006	23	78
03	0007	23	45
04	0008	23	35
05	0009	23	50
06	0010	23	50
07	0011	23	27
08	0012	23	4
