date	sessions	users	newUsers	percentNewSessions	sessionDuration	avgSessionDuration
20130812	27	20	17	62.96296296296296	16498.0	611.0370370370371
20130813	7247	5663	5647	77.92189871671036	6926612.0	955.7902580378087
20130814	3538	2663	1950	55.11588468061051	3311872.0	936.0859242509893
20130815	2403	1758	1147	47.73200166458593	3120369.0	1298.5305867665418
20130816	1745	1246	752	43.0945558739255	2159044.0	1237.2744985673353
20130817	1203	836	460	38.23773898586866	1644222.0	1366.7680798004988
20130818	1119	771	430	38.42716711349419	1465289.0	1309.4629133154601
20130819	1095	784	466	42.55707762557078	1342538.0	1226.062100456621
20130820	1186	881	549	46.290050590219224	1307733.0	1102.641652613828
20130821	5582	4393	4072	72.94876388391258	5547446.0	993.8097456108922
20130822	2849	2032	1343	47.13934713934714	3343159.0	1173.4499824499824
20130823	1367	959	458	33.50402340892465	1666537.0	1219.1199707388441
20130824	741	543	243	32.79352226720648	937292.0	1264.901484480432
20130825	809	524	230	28.43016069221261	996535.0	1231.8108776266997
20130826	711	514	227	31.926863572433195	900454.0	1266.4613220815752
20130827	665	485	203	30.526315789473685	713696.0	1073.227067669173
20130828	653	475	225	34.45635528330781	796447.0	1219.6738131699847
20130829	571	417	190	33.274956217162874	656131.0	1149.091068301226
20130830	535	363	171	31.962616822429908	562256.0	1050.9457943925233
20130831	436	286	110	25.229357798165136	604515.0	1386.5022935779816
20130901	400	271	116	28.999999999999996	620721.0	1551.8025
20130902	409	258	81	19.80440097799511	608893.0	1488.7359413202935
20130903	371	246	83	22.371967654986523	460307.0	1240.7196765498652
20130904	312	220	81	25.961538461538463	424032.0	1359.076923076923
20130905	308	203	72	23.376623376623375	427960.0	1389.4805194805194
20130906	331	216	79	23.867069486404834	526933.0	1591.9425981873112
20130907	253	167	51	20.158102766798418	335972.0	1327.9525691699605
20130908	242	168	66	27.27272727272727	361500.0	1493.801652892562
20130909	297	198	67	22.55892255892256	421693.0	1419.8417508417508
20130910	254	169	54	21.25984251968504	323720.0	1274.4881889763778
20130911	240	157	57	23.75	324781.0	1353.2541666666666
20130912	308	222	105	34.090909090909086	395274.0	1283.357142857143
20130913	263	176	88	33.460076045627375	405546.0	1542.0
20130914	204	127	43	21.07843137254902	315631.0	1547.2107843137255
20130915	227	153	70	30.837004405286343	350273.0	1543.0528634361233
20130916	197	129	45	22.84263959390863	298373.0	1514.5837563451776
20130917	184	123	46	25.0	233887.0	1271.125
20130918	178	131	52	29.213483146067414	270267.0	1518.3539325842696
20130919	167	104	33	19.760479041916167	327952.0	1963.7844311377246
20130920	171	99	40	23.391812865497073	312627.0	1828.2280701754387
20130921	159	103	38	23.89937106918239	234784.0	1476.6289308176101
20130922	177	116	58	32.7683615819209	255056.0	1440.9943502824858
20130923	427	320	248	58.07962529274005	409844.0	959.8220140515223
20130924	239	164	86	35.98326359832636	261235.0	1093.0334728033472
20130925	184	114	46	25.0	225645.0	1226.3315217391305
20130926	165	118	46	27.878787878787882	291781.0	1768.3696969696969
20130927	155	101	42	27.09677419354839	233327.0	1505.3354838709677
20130928	149	98	52	34.899328859060404	273005.0	1832.248322147651
20130929	142	91	39	27.464788732394368	240047.0	1690.4718309859154
20130930	174	113	49	28.160919540229884	247932.0	1424.896551724138
20131001	181	109	47	25.96685082872928	262243.0	1448.8563535911603
20131002	166	109	48	28.915662650602407	253774.0	1528.7590361445782
20131003	154	101	47	30.519480519480517	260757.0	1693.2272727272727
20131004	142	95	43	30.28169014084507	253985.0	1788.6267605633802
20131005	117	71	35	29.914529914529915	208881.0	1785.3076923076924
20131006	118	74	39	33.05084745762712	198964.0	1686.135593220339
20131007	139	83	39	28.05755395683453	245213.0	1764.1223021582734
20131008	131	87	39	29.770992366412212	189161.0	1443.9770992366412
20131009	139	86	33	23.741007194244602	203941.0	1467.2014388489208
20131010	116	76	34	29.310344827586203	226836.0	1955.4827586206898
20131011	117	63	22	18.803418803418804	252774.0	2160.4615384615386
20131012	127	70	36	28.346456692913385	217264.0	1710.740157480315
20131013	123	67	25	20.32520325203252	248491.0	2020.2520325203252
20131014	123	77	39	31.70731707317073	309306.0	2514.682926829268
20131015	116	74	32	27.586206896551722	186914.0	1611.3275862068965
20131016	134	79	41	30.597014925373134	225084.0	1679.7313432835822
20131017	136	97	56	41.17647058823529	253172.0	1861.5588235294117
20131018	163	107	68	41.717791411042946	234139.0	1436.435582822086
20131019	154	112	67	43.506493506493506	203300.0	1320.1298701298701
20131020	140	96	48	34.285714285714285	199009.0	1421.4928571428572
20131021	172	114	74	43.02325581395349	272427.0	1583.8779069767443
20131022	140	79	36	25.71428571428571	230261.0	1644.7214285714285
20131023	127	71	30	23.62204724409449	238690.0	1879.4488188976377
20131024	139	73	32	23.021582733812952	192380.0	1384.0287769784172
20131025	110	59	23	20.909090909090907	144766.0	1316.0545454545454
20131026	94	63	23	24.46808510638298	149375.0	1589.095744680851
20131027	84	54	28	33.33333333333333	171510.0	2041.7857142857142
20131028	119	66	38	31.932773109243694	217640.0	1828.90756302521
20131029	84	47	18	21.428571428571427	156044.0	1857.6666666666667
20131030	99	52	17	17.17171717171717	156106.0	1576.828282828283
20131031	87	52	24	27.586206896551722	132298.0	1520.6666666666667
20131101	104	53	23	22.115384615384613	178644.0	1717.7307692307693
20131102	75	41	19	25.333333333333336	139284.0	1857.12
20131103	88	50	19	21.59090909090909	171282.0	1946.3863636363637
20131104	118	66	39	33.05084745762712	203988.0	1728.7118644067796
20131105	155	104	69	44.516129032258064	235078.0	1516.6322580645162
20131106	190	135	105	55.26315789473685	227148.0	1195.5157894736842
20131107	307	222	185	60.26058631921825	276547.0	900.8045602605863
20131108	264	159	115	43.56060606060606	299190.0	1133.2954545454545
20131109	173	113	71	41.040462427745666	194372.0	1123.5375722543354
20131110	972	807	766	78.80658436213992	663842.0	682.9650205761317
20131111	345	251	149	43.188405797101446	331742.0	961.5710144927536
20131112	243	160	86	35.390946502057616	232050.0	954.9382716049382
20131113	203	127	63	31.03448275862069	259160.0	1276.6502463054187
20131114	168	114	65	38.69047619047619	187243.0	1114.5416666666667
20131115	147	91	40	27.2108843537415	204640.0	1392.108843537415
20131116	150	109	61	40.666666666666664	142156.0	947.7066666666667
20131117	142	94	49	34.50704225352113	168375.0	1185.7394366197184
20131118	147	106	64	43.53741496598639	185866.0	1264.3945578231292
20131119	112	74	38	33.92857142857143	158038.0	1411.0535714285713
20131120	104	64	29	27.884615384615387	130474.0	1254.5576923076924
20131121	104	62	29	27.884615384615387	133080.0	1279.6153846153845
20131122	81	55	27	33.33333333333333	100311.0	1238.4074074074074
20131123	69	48	22	31.88405797101449	99021.0	1435.0869565217392
20131124	87	51	27	31.03448275862069	134254.0	1543.1494252873563
20131125	81	49	25	30.864197530864196	132765.0	1639.0740740740741
20131126	83	45	27	32.53012048192771	121321.0	1461.698795180723
20131127	109	77	49	44.95412844036697	151358.0	1388.605504587156
20131128	73	43	23	31.506849315068493	87775.0	1202.3972602739725
20131129	106	68	42	39.62264150943396	133510.0	1259.5283018867924
20131130	84	50	23	27.380952380952383	102987.0	1226.0357142857142
20131201	75	45	21	28.000000000000004	111900.0	1492.0
20131202	94	57	34	36.17021276595745	133297.0	1418.0531914893618
20131203	89	52	22	24.719101123595504	121935.0	1370.056179775281
20131204	82	48	25	30.48780487804878	125388.0	1529.121951219512
20131205	92	54	23	25.0	117003.0	1271.7717391304348
20131206	69	43	24	34.78260869565217	89121.0	1291.608695652174
20131207	60	36	17	28.333333333333332	76170.0	1269.5
20131208	70	47	23	32.857142857142854	75044.0	1072.057142857143
20131209	91	54	24	26.373626373626376	130195.0	1430.7142857142858
20131210	71	47	24	33.80281690140845	102482.0	1443.4084507042253
20131211	73	41	18	24.65753424657534	107112.0	1467.2876712328766
20131212	70	37	18	25.71428571428571	67706.0	967.2285714285714
20131213	75	34	16	21.333333333333336	99734.0	1329.7866666666666
20131214	64	31	12	18.75	110642.0	1728.78125
20131215	62	35	18	29.03225806451613	96652.0	1558.9032258064517
20131216	72	38	14	19.444444444444446	90953.0	1263.236111111111
20131217	75	36	18	24.0	91813.0	1224.1733333333334
20131218	62	33	18	29.03225806451613	108554.0	1750.8709677419354
20131219	62	26	12	19.35483870967742	83893.0	1353.1129032258063
20131220	57	32	18	31.57894736842105	60480.0	1061.0526315789473
20131221	50	33	17	34.0	97945.0	1958.9
20131222	46	27	9	19.565217391304348	82587.0	1795.3695652173913
20131223	51	31	11	21.568627450980394	88480.0	1734.9019607843138
20131224	37	23	12	32.432432432432435	40574.0	1096.5945945945946
20131225	27	17	7	25.925925925925924	19328.0	715.8518518518518
20131226	48	22	6	12.5	77883.0	1622.5625
20131227	51	25	14	27.450980392156865	71463.0	1401.235294117647
20131228	35	18	7	20.0	46058.0	1315.942857142857
20131229	32	16	7	21.875	60451.0	1889.09375
20131230	58	29	15	25.862068965517242	67161.0	1157.948275862069
20131231	60	31	15	25.0	103105.0	1718.4166666666667
20140101	43	17	6	13.953488372093023	86451.0	2010.4883720930231
20140102	66	40	21	31.818181818181817	66967.0	1014.6515151515151
20140103	63	27	12	19.047619047619047	96433.0	1530.6825396825398
20140104	51	28	10	19.607843137254903	60068.0	1177.8039215686274
20140105	71	42	25	35.2112676056338	98985.0	1394.1549295774648
20140106	62	34	16	25.806451612903224	90275.0	1456.0483870967741
20140107	63	33	18	28.57142857142857	111958.0	1777.111111111111
20140108	61	23	8	13.114754098360656	99843.0	1636.7704918032787
20140109	55	29	14	25.454545454545453	99134.0	1802.4363636363637
20140110	59	27	8	13.559322033898304	88910.0	1506.949152542373
20140111	38	20	9	23.684210526315788	84800.0	2231.5789473684213
20140112	50	29	12	24.0	97286.0	1945.72
20140113	61	33	16	26.229508196721312	120895.0	1981.8852459016393
20140114	63	30	14	22.22222222222222	100918.0	1601.873015873016
20140115	62	31	16	25.806451612903224	93297.0	1504.7903225806451
20140116	66	32	18	27.27272727272727	88534.0	1341.4242424242425
20140117	48	22	11	22.916666666666664	105078.0	2189.125
20140118	51	21	8	15.686274509803921	75281.0	1476.0980392156862
20140119	45	25	11	24.444444444444443	67907.0	1509.0444444444445
20140120	49	22	8	16.3265306122449	56965.0	1162.5510204081634
20140121	45	23	9	20.0	60410.0	1342.4444444444443
20140122	41	24	8	19.51219512195122	77741.0	1896.121951219512
20140123	38	15	5	13.157894736842104	77043.0	2027.4473684210527
20140124	40	17	8	20.0	62139.0	1553.475
20140125	86	59	49	56.97674418604651	82519.0	959.5232558139535
20140126	215	163	147	68.37209302325581	192136.0	893.6558139534884
20140127	163	112	89	54.601226993865026	159367.0	977.7116564417178
20140128	104	72	41	39.42307692307692	108868.0	1046.8076923076924
20140129	107	67	40	37.38317757009346	100717.0	941.2803738317757
20140130	69	43	22	31.88405797101449	73343.0	1062.9420289855072
20140131	65	36	19	29.230769230769234	80344.0	1236.0615384615385
20140201	59	37	23	38.983050847457626	76613.0	1298.5254237288136
20140202	72	45	29	40.27777777777778	93398.0	1297.1944444444443
20140203	75	46	29	38.666666666666664	101796.0	1357.28
20140204	74	48	21	28.37837837837838	86186.0	1164.6756756756756
20140205	63	41	23	36.507936507936506	87042.0	1381.6190476190477
20140206	81	45	28	34.5679012345679	169918.0	2097.753086419753
20140207	82	51	29	35.36585365853659	144714.0	1764.8048780487804
20140208	61	30	13	21.311475409836063	125405.0	2055.8196721311474
20140209	63	32	13	20.634920634920633	159495.0	2531.6666666666665
20140210	59	35	18	30.508474576271187	150268.0	2546.915254237288
20140211	73	37	15	20.54794520547945	143821.0	1970.150684931507
20140212	75	41	20	26.666666666666668	155818.0	2077.5733333333333
20140213	87	43	22	25.287356321839084	136168.0	1565.1494252873563
20140214	71	37	19	26.76056338028169	125731.0	1770.8591549295775
20140215	54	35	14	25.925925925925924	86520.0	1602.2222222222222
20140216	78	40	21	26.923076923076923	101644.0	1303.128205128205
20140217	92	44	20	21.73913043478261	153155.0	1664.7282608695652
20140218	58	30	9	15.517241379310345	110871.0	1911.5689655172414
20140219	66	37	14	21.21212121212121	131155.0	1987.1969696969697
20140220	65	33	14	21.53846153846154	120766.0	1857.9384615384615
20140221	60	35	16	26.666666666666668	116066.0	1934.4333333333334
20140222	47	29	12	25.53191489361702	60919.0	1296.1489361702127
20140223	41	27	12	29.268292682926827	36771.0	896.8536585365854
20140224	47	28	14	29.78723404255319	80996.0	1723.3191489361702
20140225	58	26	9	15.517241379310345	120361.0	2075.189655172414
20140226	55	31	7	12.727272727272727	102687.0	1867.0363636363636
20140227	60	31	12	20.0	88551.0	1475.85
20140228	65	34	17	26.153846153846157	111298.0	1712.2769230769231
20140301	35	23	13	37.142857142857146	44158.0	1261.6571428571428
20140302	41	23	11	26.82926829268293	60098.0	1465.8048780487804
20140303	57	30	14	24.561403508771928	82810.0	1452.8070175438597
20140304	52	32	19	36.53846153846153	52385.0	1007.4038461538462
20140305	48	30	15	31.25	87951.0	1832.3125
20140306	53	33	18	33.9622641509434	63737.0	1202.5849056603774
20140307	51	33	13	25.49019607843137	90017.0	1765.0392156862745
20140308	43	34	16	37.2093023255814	41638.0	968.3255813953489
20140309	60	38	21	35.0	65761.0	1096.0166666666667
20140310	49	31	13	26.53061224489796	76032.0	1551.6734693877552
20140311	70	47	32	45.714285714285715	113742.0	1624.8857142857144
20140312	61	39	19	31.147540983606557	83630.0	1370.983606557377
20140313	69	42	25	36.231884057971016	95292.0	1381.0434782608695
20140314	73	42	27	36.986301369863014	102359.0	1402.1780821917807
20140315	52	40	19	36.53846153846153	72171.0	1387.9038461538462
20140316	54	35	17	31.48148148148148	74238.0	1374.7777777777778
20140317	65	38	13	20.0	79654.0	1225.446153846154
20140318	49	32	14	28.57142857142857	82250.0	1678.5714285714287
20140319	70	44	23	32.857142857142854	116984.0	1671.2
20140320	49	29	11	22.448979591836736	96768.0	1974.857142857143
20140321	58	35	16	27.586206896551722	87317.0	1505.4655172413793
20140322	28	20	7	25.0	22809.0	814.6071428571429
20140323	44	24	10	22.727272727272727	74937.0	1703.1136363636363
20140324	59	31	15	25.423728813559322	94601.0	1603.406779661017
20140325	56	30	11	19.642857142857142	94564.0	1688.642857142857
20140326	39	29	16	41.02564102564102	66171.0	1696.6923076923076
20140327	54	30	11	20.37037037037037	89212.0	1652.0740740740741
20140328	57	32	14	24.561403508771928	111269.0	1952.0877192982457
20140329	20	15	3	15.0	49341.0	2467.05
20140330	32	18	7	21.875	55944.0	1748.25
20140331	37	23	7	18.91891891891892	77395.0	2091.7567567567567
20140401	42	25	10	23.809523809523807	59246.0	1410.6190476190477
20140402	53	28	11	20.754716981132077	100081.0	1888.3207547169811
20140403	56	37	15	26.785714285714285	74653.0	1333.0892857142858
20140404	45	27	13	28.888888888888886	86055.0	1912.3333333333333
20140405	41	23	8	19.51219512195122	49387.0	1204.560975609756
20140406	38	20	5	13.157894736842104	78251.0	2059.2368421052633
20140407	43	25	12	27.906976744186046	54776.0	1273.860465116279
20140408	48	30	11	22.916666666666664	79109.0	1648.1041666666667
20140409	49	29	13	26.53061224489796	99086.0	2022.1632653061224
20140410	51	22	8	15.686274509803921	112849.0	2212.725490196078
20140411	52	28	14	26.923076923076923	93825.0	1804.326923076923
20140412	43	18	7	16.27906976744186	87814.0	2042.1860465116279
20140413	39	25	11	28.205128205128204	86389.0	2215.102564102564
20140414	36	21	8	22.22222222222222	63547.0	1765.1944444444443
20140415	35	16	3	8.571428571428571	54813.0	1566.0857142857142
20140416	33	20	8	24.242424242424242	68715.0	2082.2727272727275
20140417	42	20	8	19.047619047619047	77639.0	1848.547619047619
20140418	40	20	7	17.5	63749.0	1593.725
20140419	33	18	7	21.21212121212121	65694.0	1990.7272727272727
20140420	43	17	5	11.627906976744185	104894.0	2439.3953488372094
20140421	46	22	7	15.217391304347828	79885.0	1736.6304347826087
20140422	36	24	10	27.77777777777778	88320.0	2453.3333333333335
20140423	61	34	12	19.672131147540984	68526.0	1123.377049180328
20140424	45	24	7	15.555555555555555	65138.0	1447.5111111111112
20140425	47	27	14	29.78723404255319	69803.0	1485.1702127659576
20140426	43	22	10	23.25581395348837	80894.0	1881.2558139534883
20140427	51	27	11	21.568627450980394	110347.0	2163.6666666666665
20140428	37	22	8	21.62162162162162	49229.0	1330.5135135135135
20140429	36	24	7	19.444444444444446	66946.0	1859.611111111111
20140430	37	24	8	21.62162162162162	74534.0	2014.4324324324325
20140501	38	22	11	28.947368421052634	68635.0	1806.1842105263158
20140502	52	32	11	21.153846153846153	78277.0	1505.326923076923
20140503	24	14	5	20.833333333333336	51048.0	2127.0
20140504	32	18	4	12.5	84999.0	2656.21875
20140505	53	29	13	24.528301886792452	86251.0	1627.377358490566
20140506	31	19	6	19.35483870967742	81512.0	2629.4193548387098
20140507	35	19	6	17.142857142857142	65735.0	1878.142857142857
20140508	45	27	14	31.11111111111111	65923.0	1464.9555555555555
20140509	30	15	6	20.0	50435.0	1681.1666666666667
20140510	44	22	11	25.0	91582.0	2081.409090909091
20140511	31	15	5	16.129032258064516	45663.0	1473.0
20140512	52	24	7	13.461538461538462	90310.0	1736.7307692307693
20140513	36	20	4	11.11111111111111	78678.0	2185.5
20140514	45	24	10	22.22222222222222	80597.0	1791.0444444444445
20140515	31	14	4	12.903225806451612	55573.0	1792.6774193548388
20140516	35	17	6	17.142857142857142	56101.0	1602.8857142857144
20140517	32	20	8	25.0	53383.0	1668.21875
20140518	39	22	7	17.94871794871795	67974.0	1742.923076923077
20140519	44	22	7	15.909090909090908	73915.0	1679.8863636363637
20140520	46	21	5	10.869565217391305	79244.0	1722.695652173913
20140521	46	20	7	15.217391304347828	86084.0	1871.391304347826
20140522	62	29	8	12.903225806451612	104698.0	1688.6774193548388
20140523	60	31	13	21.666666666666668	84256.0	1404.2666666666667
20140524	30	17	6	20.0	47100.0	1570.0
20140525	37	16	2	5.405405405405405	55090.0	1488.918918918919
20140526	56	25	10	17.857142857142858	85927.0	1534.4107142857142
20140527	47	24	11	23.404255319148938	84252.0	1792.595744680851
20140528	43	23	7	16.27906976744186	83958.0	1952.5116279069769
20140529	47	24	10	21.27659574468085	83121.0	1768.531914893617
20140530	41	23	8	19.51219512195122	64203.0	1565.9268292682927
20140531	28	15	6	21.428571428571427	51462.0	1837.9285714285713
20140601	30	17	5	16.666666666666664	42630.0	1421.0
20140602	39	19	5	12.82051282051282	79382.0	2035.4358974358975
20140603	38	22	7	18.421052631578945	59413.0	1563.5
20140604	40	21	8	20.0	56734.0	1418.35
20140605	40	18	9	22.5	62219.0	1555.475
20140606	38	22	7	18.421052631578945	59713.0	1571.3947368421052
20140607	48	18	7	14.583333333333334	60802.0	1266.7083333333333
20140608	36	18	9	25.0	62336.0	1731.5555555555557
20140609	44	16	2	4.545454545454546	89621.0	2036.840909090909
20140610	48	25	11	22.916666666666664	76014.0	1583.625
20140611	43	23	10	23.25581395348837	64010.0	1488.6046511627908
20140612	40	22	7	17.5	81560.0	2039.0
20140613	32	19	5	15.625	43275.0	1352.34375
20140614	32	16	3	9.375	53098.0	1659.3125
20140615	36	17	8	22.22222222222222	40182.0	1116.1666666666667
20140616	29	16	4	13.793103448275861	31200.0	1075.8620689655172
20140617	51	26	14	27.450980392156865	84258.0	1652.1176470588234
20140618	42	24	10	23.809523809523807	64484.0	1535.3333333333333
20140619	55	27	11	20.0	95159.0	1730.1636363636364
20140620	44	25	7	15.909090909090908	55135.0	1253.0681818181818
20140621	28	21	8	28.57142857142857	36642.0	1308.642857142857
20140622	49	28	10	20.408163265306122	66651.0	1360.2244897959183
20140623	58	32	11	18.96551724137931	73104.0	1260.4137931034484
20140624	43	25	8	18.6046511627907	57943.0	1347.5116279069769
20140625	43	23	7	16.27906976744186	50390.0	1171.860465116279
20140626	35	18	8	22.857142857142858	57629.0	1646.5428571428572
20140627	41	26	12	29.268292682926827	53930.0	1315.3658536585365
20140628	22	10	3	13.636363636363635	19826.0	901.1818181818181
20140629	31	16	4	12.903225806451612	56328.0	1817.032258064516
20140630	42	21	5	11.904761904761903	53920.0	1283.8095238095239
20140701	36	17	4	11.11111111111111	49683.0	1380.0833333333333
20140702	29	21	10	34.48275862068966	33873.0	1168.0344827586207
20140703	31	18	5	16.129032258064516	61625.0	1987.9032258064517
20140704	38	20	7	18.421052631578945	67602.0	1779.0
20140705	26	14	5	19.230769230769234	39142.0	1505.4615384615386
20140706	43	16	4	9.30232558139535	67424.0	1568.0
20140707	37	19	9	24.324324324324326	52368.0	1415.3513513513512
20140708	23	14	6	26.08695652173913	36970.0	1607.391304347826
20140709	40	23	5	12.5	68844.0	1721.1
20140710	29	17	4	13.793103448275861	53450.0	1843.103448275862
20140711	30	21	8	26.666666666666668	36673.0	1222.4333333333334
20140712	30	15	8	26.666666666666668	33902.0	1130.0666666666666
20140713	24	15	5	20.833333333333336	24444.0	1018.5
20140714	34	15	5	14.705882352941178	36982.0	1087.7058823529412
20140715	30	18	8	26.666666666666668	43173.0	1439.1
20140716	31	19	10	32.25806451612903	44962.0	1450.3870967741937
20140717	22	12	4	18.181818181818183	26033.0	1183.3181818181818
20140718	28	17	4	14.285714285714285	32351.0	1155.392857142857
20140719	19	10	2	10.526315789473683	47435.0	2496.5789473684213
20140720	22	18	10	45.45454545454545	7110.0	323.1818181818182
20140721	26	18	8	30.76923076923077	20399.0	784.5769230769231
20140722	23	14	4	17.391304347826086	11952.0	519.6521739130435
20140723	26	18	8	30.76923076923077	31282.0	1203.1538461538462
20140724	25	19	7	28.000000000000004	27557.0	1102.28
20140725	33	19	9	27.27272727272727	37086.0	1123.8181818181818
20140726	26	12	3	11.538461538461538	46244.0	1778.6153846153845
20140727	29	15	4	13.793103448275861	32150.0	1108.6206896551723
20140728	34	20	8	23.52941176470588	37688.0	1108.4705882352941
20140729	37	21	8	21.62162162162162	61690.0	1667.2972972972973
20140730	35	25	11	31.428571428571427	41585.0	1188.142857142857
20140731	26	13	5	19.230769230769234	29693.0	1142.0384615384614
20140801	33	20	10	30.303030303030305	28211.0	854.8787878787879
20140802	19	11	6	31.57894736842105	10993.0	578.578947368421
20140803	30	17	6	20.0	35163.0	1172.1
20140804	28	18	8	28.57142857142857	30212.0	1079.0
