date	userType	sessions	users	sessionDuration	avgSessionDuration
20130812	New Visitor	17	17	10101.0	594.1764705882352
20130813	New Visitor	5647	5647	5075971.0	898.8792279086241
20130814	New Visitor	1950	1950	1529832.0	784.5292307692308
20130815	New Visitor	1147	1147	1118433.0	975.0941586748038
20130816	New Visitor	752	752	598002.0	795.2154255319149
20130817	New Visitor	460	460	459669.0	999.2804347826087
20130818	New Visitor	430	430	407435.0	947.5232558139535
20130819	New Visitor	466	466	375660.0	806.137339055794
20130820	New Visitor	549	549	454363.0	827.6193078324226
20130821	New Visitor	4072	4072	3822486.0	938.7244597249509
20130822	New Visitor	1343	1343	1300315.0	968.2166790766939
20130823	New Visitor	458	458	419827.0	916.6528384279476
20130824	New Visitor	243	243	228495.0	940.3086419753087
20130825	New Visitor	230	230	210509.0	915.2565217391304
20130826	New Visitor	227	227	188791.0	831.6784140969163
20130827	New Visitor	203	203	165065.0	813.128078817734
20130828	New Visitor	225	225	201637.0	896.1644444444445
20130829	New Visitor	190	190	174154.0	916.6
20130830	New Visitor	171	171	100131.0	585.561403508772
20130831	New Visitor	110	110	90251.0	820.4636363636364
20130901	New Visitor	116	116	115711.0	997.5086206896551
20130902	New Visitor	81	81	70512.0	870.5185185185185
20130903	New Visitor	83	83	49118.0	591.7831325301205
20130904	New Visitor	81	81	71016.0	876.7407407407408
20130905	New Visitor	72	72	62446.0	867.3055555555555
20130906	New Visitor	79	79	80569.0	1019.8607594936709
20130907	New Visitor	51	51	51598.0	1011.7254901960785
20130908	New Visitor	66	66	84812.0	1285.030303030303
20130909	New Visitor	67	67	57983.0	865.4179104477612
20130910	New Visitor	54	54	34861.0	645.574074074074
20130911	New Visitor	57	57	38575.0	676.7543859649123
20130912	New Visitor	105	105	74438.0	708.9333333333333
20130913	New Visitor	88	88	83952.0	954.0
20130914	New Visitor	43	43	61673.0	1434.2558139534883
20130915	New Visitor	70	70	87704.0	1252.9142857142858
20130916	New Visitor	45	45	54457.0	1210.1555555555556
20130917	New Visitor	46	46	40864.0	888.3478260869565
20130918	New Visitor	52	52	39257.0	754.9423076923077
20130919	New Visitor	33	33	20478.0	620.5454545454545
20130920	New Visitor	40	40	39605.0	990.125
20130921	New Visitor	38	38	20806.0	547.5263157894736
20130922	New Visitor	58	58	52525.0	905.6034482758621
20130923	New Visitor	248	248	175751.0	708.6733870967741
20130924	New Visitor	86	86	39516.0	459.48837209302326
20130925	New Visitor	46	46	36127.0	785.3695652173913
20130926	New Visitor	46	46	62849.0	1366.2826086956522
20130927	New Visitor	42	42	50037.0	1191.357142857143
20130928	New Visitor	52	52	56620.0	1088.8461538461538
20130929	New Visitor	39	39	22114.0	567.025641025641
20130930	New Visitor	49	49	46335.0	945.6122448979592
20131001	New Visitor	47	47	28222.0	600.468085106383
20131002	New Visitor	48	48	39735.0	827.8125
20131003	New Visitor	47	47	46348.0	986.1276595744681
20131004	New Visitor	43	43	36860.0	857.2093023255813
20131005	New Visitor	35	35	27398.0	782.8
20131006	New Visitor	39	39	34909.0	895.1025641025641
20131007	New Visitor	39	39	62771.0	1609.5128205128206
20131008	New Visitor	39	39	26927.0	690.4358974358975
20131009	New Visitor	33	33	28233.0	855.5454545454545
20131010	New Visitor	34	34	51282.0	1508.2941176470588
20131011	New Visitor	22	22	21983.0	999.2272727272727
20131012	New Visitor	36	36	32437.0	901.0277777777778
20131013	New Visitor	25	25	32600.0	1304.0
20131014	New Visitor	39	39	48967.0	1255.5641025641025
20131015	New Visitor	32	32	37898.0	1184.3125
20131016	New Visitor	41	41	56998.0	1390.1951219512196
20131017	New Visitor	56	56	33251.0	593.7678571428571
20131018	New Visitor	68	68	51148.0	752.1764705882352
20131019	New Visitor	67	67	43603.0	650.7910447761194
20131020	New Visitor	48	48	35188.0	733.0833333333334
20131021	New Visitor	74	74	66074.0	892.8918918918919
20131022	New Visitor	36	36	22962.0	637.8333333333334
20131023	New Visitor	30	30	22739.0	757.9666666666667
20131024	New Visitor	32	32	36629.0	1144.65625
20131025	New Visitor	23	23	14406.0	626.3478260869565
20131026	New Visitor	23	23	22422.0	974.8695652173913
20131027	New Visitor	28	28	16002.0	571.5
20131028	New Visitor	38	38	30091.0	791.8684210526316
20131029	New Visitor	18	18	5551.0	308.3888888888889
20131030	New Visitor	17	17	10411.0	612.4117647058823
20131031	New Visitor	24	24	15817.0	659.0416666666666
20131101	New Visitor	23	23	13985.0	608.0434782608696
20131102	New Visitor	19	19	18014.0	948.1052631578947
20131103	New Visitor	19	19	34388.0	1809.8947368421052
20131104	New Visitor	39	39	34467.0	883.7692307692307
20131105	New Visitor	69	69	58113.0	842.2173913043479
20131106	New Visitor	105	105	64922.0	618.3047619047619
20131107	New Visitor	185	185	116717.0	630.9027027027028
20131108	New Visitor	115	115	94834.0	824.6434782608695
20131109	New Visitor	71	71	64488.0	908.2816901408451
20131110	New Visitor	766	766	447174.0	583.7780678851175
20131111	New Visitor	149	149	119479.0	801.8724832214765
20131112	New Visitor	86	86	53100.0	617.4418604651163
20131113	New Visitor	63	63	33024.0	524.1904761904761
20131114	New Visitor	65	65	38953.0	599.276923076923
20131115	New Visitor	40	40	33426.0	835.65
20131116	New Visitor	61	61	44671.0	732.311475409836
20131117	New Visitor	49	49	48751.0	994.9183673469388
20131118	New Visitor	64	64	43265.0	676.015625
20131119	New Visitor	38	38	25703.0	676.3947368421053
20131120	New Visitor	29	29	20818.0	717.8620689655172
20131121	New Visitor	29	29	23645.0	815.3448275862069
20131122	New Visitor	27	27	23499.0	870.3333333333334
20131123	New Visitor	22	22	10544.0	479.27272727272725
20131124	New Visitor	27	27	23436.0	868.0
20131125	New Visitor	25	25	12652.0	506.08
20131126	New Visitor	27	27	13188.0	488.44444444444446
20131127	New Visitor	49	49	36128.0	737.3061224489796
20131128	New Visitor	23	23	13714.0	596.2608695652174
20131129	New Visitor	42	42	36925.0	879.1666666666666
20131130	New Visitor	23	23	23544.0	1023.6521739130435
20131201	New Visitor	21	21	18413.0	876.8095238095239
20131202	New Visitor	34	34	14861.0	437.0882352941176
20131203	New Visitor	22	22	11109.0	504.95454545454544
20131204	New Visitor	25	25	14228.0	569.12
20131205	New Visitor	23	23	12783.0	555.7826086956521
20131206	New Visitor	24	24	15651.0	652.125
20131207	New Visitor	17	17	3489.0	205.23529411764707
20131208	New Visitor	23	23	15748.0	684.695652173913
20131209	New Visitor	24	24	17163.0	715.125
20131210	New Visitor	24	24	17132.0	713.8333333333334
20131211	New Visitor	18	18	12343.0	685.7222222222222
20131212	New Visitor	18	18	8352.0	464.0
20131213	New Visitor	16	16	15965.0	997.8125
20131214	New Visitor	12	12	8482.0	706.8333333333334
20131215	New Visitor	18	18	16978.0	943.2222222222222
20131216	New Visitor	14	14	5250.0	375.0
20131217	New Visitor	18	18	11620.0	645.5555555555555
20131218	New Visitor	18	18	16299.0	905.5
20131219	New Visitor	12	12	1874.0	156.16666666666666
20131220	New Visitor	18	18	11008.0	611.5555555555555
20131221	New Visitor	17	17	32848.0	1932.235294117647
20131222	New Visitor	9	9	3363.0	373.6666666666667
20131223	New Visitor	11	11	5166.0	469.6363636363636
20131224	New Visitor	12	12	7409.0	617.4166666666666
20131225	New Visitor	7	7	3996.0	570.8571428571429
20131226	New Visitor	6	6	6010.0	1001.6666666666666
20131227	New Visitor	14	14	1928.0	137.71428571428572
20131228	New Visitor	7	7	4408.0	629.7142857142857
20131229	New Visitor	7	7	2378.0	339.7142857142857
20131230	New Visitor	15	15	7347.0	489.8
20131231	New Visitor	15	15	15281.0	1018.7333333333333
20140101	New Visitor	6	6	2145.0	357.5
20140102	New Visitor	21	21	6595.0	314.04761904761904
20140103	New Visitor	12	12	3218.0	268.1666666666667
20140104	New Visitor	10	10	12666.0	1266.6
20140105	New Visitor	25	25	7823.0	312.92
20140106	New Visitor	16	16	17498.0	1093.625
20140107	New Visitor	18	18	9177.0	509.8333333333333
20140108	New Visitor	8	8	3884.0	485.5
20140109	New Visitor	14	14	7264.0	518.8571428571429
20140110	New Visitor	8	8	3565.0	445.625
20140111	New Visitor	9	9	9908.0	1100.888888888889
20140112	New Visitor	12	12	10890.0	907.5
20140113	New Visitor	16	16	15629.0	976.8125
20140114	New Visitor	14	14	7099.0	507.07142857142856
20140115	New Visitor	16	16	6429.0	401.8125
20140116	New Visitor	18	18	6387.0	354.8333333333333
20140117	New Visitor	11	11	1200.0	109.0909090909091
20140118	New Visitor	8	8	6859.0	857.375
20140119	New Visitor	11	11	3471.0	315.54545454545456
20140120	New Visitor	8	8	731.0	91.375
20140121	New Visitor	9	9	4345.0	482.77777777777777
20140122	New Visitor	8	8	2298.0	287.25
20140123	New Visitor	5	5	2061.0	412.2
20140124	New Visitor	8	8	119.0	14.875
20140125	New Visitor	49	49	27197.0	555.0408163265306
20140126	New Visitor	147	147	103104.0	701.3877551020408
20140127	New Visitor	89	89	56655.0	636.5730337078652
20140128	New Visitor	41	41	21294.0	519.3658536585366
20140129	New Visitor	40	40	28468.0	711.7
20140130	New Visitor	22	22	6707.0	304.8636363636364
20140131	New Visitor	19	19	11180.0	588.421052631579
20140201	New Visitor	23	23	16839.0	732.1304347826087
20140202	New Visitor	29	29	22726.0	783.6551724137931
20140203	New Visitor	29	29	14259.0	491.6896551724138
20140204	New Visitor	21	21	15364.0	731.6190476190476
20140205	New Visitor	23	23	16134.0	701.4782608695652
20140206	New Visitor	28	28	13758.0	491.35714285714283
20140207	New Visitor	29	29	15817.0	545.4137931034483
20140208	New Visitor	13	13	4559.0	350.6923076923077
20140209	New Visitor	13	13	14212.0	1093.2307692307693
20140210	New Visitor	18	18	19009.0	1056.0555555555557
20140211	New Visitor	15	15	19332.0	1288.8
20140212	New Visitor	20	20	11755.0	587.75
20140213	New Visitor	22	22	24114.0	1096.090909090909
20140214	New Visitor	19	19	6381.0	335.8421052631579
20140215	New Visitor	14	14	17025.0	1216.0714285714287
20140216	New Visitor	21	21	19689.0	937.5714285714286
20140217	New Visitor	20	20	8419.0	420.95
20140218	New Visitor	9	9	4681.0	520.1111111111111
20140219	New Visitor	14	14	6273.0	448.07142857142856
20140220	New Visitor	14	14	6270.0	447.85714285714283
20140221	New Visitor	16	16	10364.0	647.75
20140222	New Visitor	12	12	4279.0	356.5833333333333
20140223	New Visitor	12	12	4703.0	391.9166666666667
20140224	New Visitor	14	14	7104.0	507.42857142857144
20140225	New Visitor	9	9	10148.0	1127.5555555555557
20140226	New Visitor	7	7	2199.0	314.14285714285717
20140227	New Visitor	12	12	5917.0	493.0833333333333
20140228	New Visitor	17	17	20007.0	1176.8823529411766
20140301	New Visitor	13	13	8663.0	666.3846153846154
20140302	New Visitor	11	11	6666.0	606.0
20140303	New Visitor	14	14	11652.0	832.2857142857143
20140304	New Visitor	19	19	12759.0	671.5263157894736
20140305	New Visitor	15	15	10099.0	673.2666666666667
20140306	New Visitor	18	18	8790.0	488.3333333333333
20140307	New Visitor	13	13	20692.0	1591.6923076923076
20140308	New Visitor	16	16	4641.0	290.0625
20140309	New Visitor	21	21	7986.0	380.2857142857143
20140310	New Visitor	13	13	7640.0	587.6923076923077
20140311	New Visitor	32	32	45865.0	1433.28125
20140312	New Visitor	19	19	4630.0	243.68421052631578
20140313	New Visitor	25	25	16115.0	644.6
20140314	New Visitor	27	27	18464.0	683.8518518518518
20140315	New Visitor	19	19	17336.0	912.421052631579
20140316	New Visitor	17	17	23091.0	1358.2941176470588
20140317	New Visitor	13	13	1585.0	121.92307692307692
20140318	New Visitor	14	14	5634.0	402.42857142857144
20140319	New Visitor	23	23	7496.0	325.9130434782609
20140320	New Visitor	11	11	8197.0	745.1818181818181
20140321	New Visitor	16	16	9970.0	623.125
20140322	New Visitor	7	7	1922.0	274.57142857142856
20140323	New Visitor	10	10	16748.0	1674.8
20140324	New Visitor	15	15	9785.0	652.3333333333334
20140325	New Visitor	11	11	11554.0	1050.3636363636363
20140326	New Visitor	16	16	10786.0	674.125
20140327	New Visitor	11	11	4455.0	405.0
20140328	New Visitor	14	14	18641.0	1331.5
20140329	New Visitor	3	3	2105.0	701.6666666666666
20140330	New Visitor	7	7	1906.0	272.2857142857143
20140331	New Visitor	7	7	3514.0	502.0
20140401	New Visitor	10	10	2964.0	296.4
20140402	New Visitor	11	11	7484.0	680.3636363636364
20140403	New Visitor	15	15	2475.0	165.0
20140404	New Visitor	13	13	7311.0	562.3846153846154
20140405	New Visitor	8	8	2569.0	321.125
20140406	New Visitor	5	5	7910.0	1582.0
20140407	New Visitor	12	12	7291.0	607.5833333333334
20140408	New Visitor	11	11	7429.0	675.3636363636364
20140409	New Visitor	13	13	15624.0	1201.8461538461538
20140410	New Visitor	8	8	12396.0	1549.5
20140411	New Visitor	14	14	17615.0	1258.2142857142858
20140412	New Visitor	7	7	9650.0	1378.5714285714287
20140413	New Visitor	11	11	9942.0	903.8181818181819
20140414	New Visitor	8	8	3182.0	397.75
20140415	New Visitor	3	3	2163.0	721.0
20140416	New Visitor	8	8	2478.0	309.75
20140417	New Visitor	8	8	7247.0	905.875
20140418	New Visitor	7	7	3392.0	484.57142857142856
20140419	New Visitor	7	7	5324.0	760.5714285714286
20140420	New Visitor	5	5	8423.0	1684.6
20140421	New Visitor	7	7	5999.0	857.0
20140422	New Visitor	10	10	8650.0	865.0
20140423	New Visitor	12	12	3697.0	308.0833333333333
20140424	New Visitor	7	7	775.0	110.71428571428571
20140425	New Visitor	14	14	19373.0	1383.7857142857142
20140426	New Visitor	10	10	15927.0	1592.7
20140427	New Visitor	11	11	7038.0	639.8181818181819
20140428	New Visitor	8	8	1090.0	136.25
20140429	New Visitor	7	7	815.0	116.42857142857143
20140430	New Visitor	8	8	4497.0	562.125
20140501	New Visitor	11	11	10209.0	928.0909090909091
20140502	New Visitor	11	11	7316.0	665.0909090909091
20140503	New Visitor	5	5	4956.0	991.2
20140504	New Visitor	4	4	5264.0	1316.0
20140505	New Visitor	13	13	5861.0	450.84615384615387
20140506	New Visitor	6	6	6882.0	1147.0
20140507	New Visitor	6	6	5987.0	997.8333333333334
20140508	New Visitor	14	14	11753.0	839.5
20140509	New Visitor	6	6	4017.0	669.5
20140510	New Visitor	11	11	17810.0	1619.090909090909
20140511	New Visitor	5	5	5569.0	1113.8
20140512	New Visitor	7	7	3260.0	465.7142857142857
20140513	New Visitor	4	4	2761.0	690.25
20140514	New Visitor	10	10	8539.0	853.9
20140515	New Visitor	4	4	2559.0	639.75
20140516	New Visitor	6	6	3058.0	509.6666666666667
20140517	New Visitor	8	8	7013.0	876.625
20140518	New Visitor	7	7	2872.0	410.2857142857143
20140519	New Visitor	7	7	1633.0	233.28571428571428
20140520	New Visitor	5	5	7370.0	1474.0
20140521	New Visitor	7	7	1502.0	214.57142857142858
20140522	New Visitor	8	8	5004.0	625.5
20140523	New Visitor	13	13	7185.0	552.6923076923077
20140524	New Visitor	6	6	6432.0	1072.0
20140525	New Visitor	2	2	4491.0	2245.5
20140526	New Visitor	10	10	6467.0	646.7
20140527	New Visitor	11	11	8043.0	731.1818181818181
20140528	New Visitor	7	7	5462.0	780.2857142857143
20140529	New Visitor	10	10	4000.0	400.0
20140530	New Visitor	8	8	7690.0	961.25
20140531	New Visitor	6	6	4940.0	823.3333333333334
20140601	New Visitor	5	5	1750.0	350.0
20140602	New Visitor	5	5	9429.0	1885.8
20140603	New Visitor	7	7	5052.0	721.7142857142857
20140604	New Visitor	8	8	1040.0	130.0
20140605	New Visitor	9	9	9969.0	1107.6666666666667
20140606	New Visitor	7	7	4561.0	651.5714285714286
20140607	New Visitor	7	7	6725.0	960.7142857142857
20140608	New Visitor	9	9	13320.0	1480.0
20140609	New Visitor	2	2	1006.0	503.0
20140610	New Visitor	11	11	14066.0	1278.7272727272727
20140611	New Visitor	10	10	11083.0	1108.3
20140612	New Visitor	7	7	2735.0	390.7142857142857
20140613	New Visitor	5	5	1573.0	314.6
20140614	New Visitor	3	3	121.0	40.333333333333336
20140615	New Visitor	8	8	6767.0	845.875
20140616	New Visitor	4	4	1493.0	373.25
20140617	New Visitor	14	14	16021.0	1144.357142857143
20140618	New Visitor	10	10	4528.0	452.8
20140619	New Visitor	11	11	10171.0	924.6363636363636
20140620	New Visitor	7	7	4716.0	673.7142857142857
20140621	New Visitor	8	8	2212.0	276.5
20140622	New Visitor	10	10	4821.0	482.1
20140623	New Visitor	11	11	6409.0	582.6363636363636
20140624	New Visitor	8	8	3043.0	380.375
20140625	New Visitor	7	7	3058.0	436.85714285714283
20140626	New Visitor	8	8	1489.0	186.125
20140627	New Visitor	12	12	9824.0	818.6666666666666
20140628	New Visitor	3	3	529.0	176.33333333333334
20140629	New Visitor	4	4	5427.0	1356.75
20140630	New Visitor	5	5	3285.0	657.0
20140701	New Visitor	4	4	31.0	7.75
20140702	New Visitor	10	10	6340.0	634.0
20140703	New Visitor	5	5	1738.0	347.6
20140704	New Visitor	7	7	3469.0	495.57142857142856
20140705	New Visitor	5	5	7437.0	1487.4
20140706	New Visitor	4	4	2085.0	521.25
20140707	New Visitor	9	9	2863.0	318.1111111111111
20140708	New Visitor	6	6	4188.0	698.0
20140709	New Visitor	5	5	1659.0	331.8
20140710	New Visitor	4	4	1607.0	401.75
20140711	New Visitor	8	8	6042.0	755.25
20140712	New Visitor	8	8	6185.0	773.125
20140713	New Visitor	5	5	3707.0	741.4
20140714	New Visitor	5	5	4996.0	999.2
20140715	New Visitor	8	8	6863.0	857.875
20140716	New Visitor	10	10	7511.0	751.1
20140717	New Visitor	4	4	2855.0	713.75
20140718	New Visitor	4	4	1425.0	356.25
20140719	New Visitor	2	2	3477.0	1738.5
20140720	New Visitor	10	10	3259.0	325.9
20140721	New Visitor	8	8	6389.0	798.625
20140722	New Visitor	4	4	1353.0	338.25
20140723	New Visitor	8	8	4758.0	594.75
20140724	New Visitor	7	7	2094.0	299.14285714285717
20140725	New Visitor	9	9	15754.0	1750.4444444444443
20140726	New Visitor	3	3	7829.0	2609.6666666666665
20140727	New Visitor	4	4	237.0	59.25
20140728	New Visitor	8	8	11328.0	1416.0
20140729	New Visitor	8	8	12650.0	1581.25
20140730	New Visitor	11	11	10214.0	928.5454545454545
20140731	New Visitor	5	5	1618.0	323.6
20140801	New Visitor	10	10	6130.0	613.0
20140802	New Visitor	6	6	2350.0	391.6666666666667
20140803	New Visitor	6	6	6588.0	1098.0
20140804	New Visitor	8	8	4612.0	576.5
20130812	Returning Visitor	10	6	6397.0	639.7
20130813	Returning Visitor	1600	1082	1850641.0	1156.650625
20130814	Returning Visitor	1588	1036	1782040.0	1122.191435768262
20130815	Returning Visitor	1256	792	2001936.0	1593.8980891719746
20130816	Returning Visitor	993	607	1561042.0	1572.0463242698893
20130817	Returning Visitor	743	463	1184553.0	1594.2839838492598
20130818	Returning Visitor	689	407	1057854.0	1535.3468795355589
20130819	Returning Visitor	629	389	966878.0	1537.1669316375198
20130820	Returning Visitor	637	414	853370.0	1339.6703296703297
20130821	Returning Visitor	1510	1035	1724960.0	1142.3576158940398
20130822	Returning Visitor	1506	938	2042844.0	1356.4701195219122
20130823	Returning Visitor	909	572	1246710.0	1371.5181518151815
20130824	Returning Visitor	498	341	708797.0	1423.2871485943774
20130825	Returning Visitor	579	330	786026.0	1357.5578583765111
20130826	Returning Visitor	484	323	711663.0	1470.3780991735537
20130827	Returning Visitor	462	311	548631.0	1187.512987012987
20130828	Returning Visitor	428	288	594810.0	1389.7429906542056
20130829	Returning Visitor	381	249	481977.0	1265.0314960629921
20130830	Returning Visitor	364	220	462125.0	1269.5741758241759
20130831	Returning Visitor	326	189	514264.0	1577.4969325153374
20130901	Returning Visitor	284	166	505010.0	1778.2042253521126
20130902	Returning Visitor	328	187	538381.0	1641.405487804878
20130903	Returning Visitor	288	170	411189.0	1427.7395833333333
20130904	Returning Visitor	231	148	353016.0	1528.2077922077922
20130905	Returning Visitor	236	142	365514.0	1548.7881355932204
20130906	Returning Visitor	252	150	446364.0	1771.2857142857142
20130907	Returning Visitor	202	124	284374.0	1407.7920792079208
20130908	Returning Visitor	176	109	276688.0	1572.090909090909
20130909	Returning Visitor	230	138	363710.0	1581.3478260869565
20130910	Returning Visitor	200	119	288859.0	1444.295
20130911	Returning Visitor	183	107	286206.0	1563.967213114754
20130912	Returning Visitor	203	127	320836.0	1580.472906403941
20130913	Returning Visitor	175	97	321594.0	1837.68
20130914	Returning Visitor	161	89	253958.0	1577.3788819875776
20130915	Returning Visitor	157	90	262569.0	1672.4140127388534
20130916	Returning Visitor	152	89	243916.0	1604.7105263157894
20130917	Returning Visitor	138	81	193023.0	1398.7173913043478
20130918	Returning Visitor	126	82	231010.0	1833.4126984126983
20130919	Returning Visitor	134	74	307474.0	2294.582089552239
20130920	Returning Visitor	131	71	273022.0	2084.1374045801526
20130921	Returning Visitor	121	68	213978.0	1768.4132231404958
20130922	Returning Visitor	119	64	202531.0	1701.9411764705883
20130923	Returning Visitor	179	105	234093.0	1307.782122905028
20130924	Returning Visitor	153	89	221719.0	1449.1437908496732
20130925	Returning Visitor	138	72	189518.0	1373.3188405797102
20130926	Returning Visitor	119	80	228932.0	1923.7983193277312
20130927	Returning Visitor	113	61	183290.0	1622.0353982300885
20130928	Returning Visitor	97	51	216385.0	2230.773195876289
20130929	Returning Visitor	103	56	217933.0	2115.854368932039
20130930	Returning Visitor	125	70	201597.0	1612.776
20131001	Returning Visitor	134	71	234021.0	1746.4253731343283
20131002	Returning Visitor	118	66	214039.0	1813.8898305084747
20131003	Returning Visitor	107	57	214409.0	2003.822429906542
20131004	Returning Visitor	99	56	217125.0	2193.181818181818
20131005	Returning Visitor	82	40	181483.0	2213.2073170731705
20131006	Returning Visitor	79	40	164055.0	2076.6455696202534
20131007	Returning Visitor	100	50	182442.0	1824.42
20131008	Returning Visitor	92	52	162234.0	1763.4130434782608
20131009	Returning Visitor	106	56	175708.0	1657.622641509434
20131010	Returning Visitor	82	43	175554.0	2140.9024390243903
20131011	Returning Visitor	95	45	230791.0	2429.378947368421
20131012	Returning Visitor	91	39	184827.0	2031.065934065934
20131013	Returning Visitor	98	45	215891.0	2202.969387755102
20131014	Returning Visitor	84	43	260339.0	3099.2738095238096
20131015	Returning Visitor	84	47	149016.0	1774.0
20131016	Returning Visitor	93	43	168086.0	1807.3763440860216
20131017	Returning Visitor	80	50	219921.0	2749.0125
20131018	Returning Visitor	95	50	182991.0	1926.221052631579
20131019	Returning Visitor	87	57	159697.0	1835.5977011494253
20131020	Returning Visitor	92	50	163821.0	1780.6630434782608
20131021	Returning Visitor	98	54	206353.0	2105.6428571428573
20131022	Returning Visitor	104	48	207299.0	1993.2596153846155
20131023	Returning Visitor	97	47	215951.0	2226.298969072165
20131024	Returning Visitor	107	46	155751.0	1455.6168224299065
20131025	Returning Visitor	87	41	130360.0	1498.3908045977012
20131026	Returning Visitor	71	42	126953.0	1788.0704225352113
20131027	Returning Visitor	56	28	155508.0	2776.9285714285716
20131028	Returning Visitor	81	30	187549.0	2315.41975308642
20131029	Returning Visitor	66	30	150493.0	2280.1969696969695
20131030	Returning Visitor	82	35	145695.0	1776.7682926829268
20131031	Returning Visitor	63	30	116481.0	1848.904761904762
20131101	Returning Visitor	81	32	164659.0	2032.8271604938273
20131102	Returning Visitor	56	25	121270.0	2165.535714285714
20131103	Returning Visitor	69	33	136894.0	1983.9710144927535
20131104	Returning Visitor	79	31	169521.0	2145.8354430379745
20131105	Returning Visitor	86	45	176965.0	2057.732558139535
20131106	Returning Visitor	85	42	162226.0	1908.5411764705882
20131107	Returning Visitor	122	65	159830.0	1310.0819672131147
20131108	Returning Visitor	149	67	204356.0	1371.5167785234898
20131109	Returning Visitor	102	55	129884.0	1273.3725490196077
20131110	Returning Visitor	206	133	216668.0	1051.7864077669904
20131111	Returning Visitor	196	119	212263.0	1082.9744897959183
20131112	Returning Visitor	157	85	178950.0	1139.8089171974523
20131113	Returning Visitor	140	78	226136.0	1615.2571428571428
20131114	Returning Visitor	103	58	148290.0	1439.7087378640776
20131115	Returning Visitor	107	55	171214.0	1600.1308411214952
20131116	Returning Visitor	89	56	97485.0	1095.3370786516855
20131117	Returning Visitor	93	53	119624.0	1286.279569892473
20131118	Returning Visitor	83	49	142601.0	1718.0843373493976
20131119	Returning Visitor	74	40	132335.0	1788.3108108108108
20131120	Returning Visitor	75	38	109656.0	1462.08
20131121	Returning Visitor	75	37	109435.0	1459.1333333333334
20131122	Returning Visitor	54	32	76812.0	1422.4444444444443
20131123	Returning Visitor	47	28	88477.0	1882.4893617021276
20131124	Returning Visitor	60	27	110818.0	1846.9666666666667
20131125	Returning Visitor	56	26	120113.0	2144.875
20131126	Returning Visitor	56	19	108133.0	1930.9464285714287
20131127	Returning Visitor	60	35	115230.0	1920.5
20131128	Returning Visitor	50	21	74061.0	1481.22
20131129	Returning Visitor	64	31	96585.0	1509.140625
20131130	Returning Visitor	61	32	79443.0	1302.344262295082
20131201	Returning Visitor	54	27	93487.0	1731.2407407407406
20131202	Returning Visitor	60	27	118436.0	1973.9333333333334
20131203	Returning Visitor	67	30	110826.0	1654.1194029850747
20131204	Returning Visitor	57	25	111160.0	1950.1754385964912
20131205	Returning Visitor	69	35	104220.0	1510.4347826086957
20131206	Returning Visitor	45	22	73470.0	1632.6666666666667
20131207	Returning Visitor	43	22	72681.0	1690.2558139534883
20131208	Returning Visitor	47	27	59296.0	1261.6170212765958
20131209	Returning Visitor	67	31	113032.0	1687.044776119403
20131210	Returning Visitor	47	25	85350.0	1815.9574468085107
20131211	Returning Visitor	55	24	94769.0	1723.0727272727272
20131212	Returning Visitor	52	23	59354.0	1141.423076923077
20131213	Returning Visitor	59	20	83769.0	1419.8135593220338
20131214	Returning Visitor	52	22	102160.0	1964.6153846153845
20131215	Returning Visitor	44	21	79674.0	1810.7727272727273
20131216	Returning Visitor	58	26	85703.0	1477.6379310344828
20131217	Returning Visitor	57	18	80193.0	1406.8947368421052
20131218	Returning Visitor	44	18	92255.0	2096.7045454545455
20131219	Returning Visitor	50	15	82019.0	1640.38
20131220	Returning Visitor	39	18	49472.0	1268.5128205128206
20131221	Returning Visitor	33	19	65097.0	1972.6363636363637
20131222	Returning Visitor	37	20	79224.0	2141.189189189189
20131223	Returning Visitor	40	21	83314.0	2082.85
20131224	Returning Visitor	25	11	33165.0	1326.6
20131225	Returning Visitor	20	11	15332.0	766.6
20131226	Returning Visitor	42	17	71873.0	1711.2619047619048
20131227	Returning Visitor	37	11	69535.0	1879.3243243243244
20131228	Returning Visitor	28	11	41650.0	1487.5
20131229	Returning Visitor	25	9	58073.0	2322.92
20131230	Returning Visitor	43	16	59814.0	1391.0232558139535
20131231	Returning Visitor	45	18	87824.0	1951.6444444444444
20140101	Returning Visitor	37	11	84306.0	2278.5405405405404
20140102	Returning Visitor	45	20	60372.0	1341.6
20140103	Returning Visitor	51	18	93215.0	1827.7450980392157
20140104	Returning Visitor	41	19	47402.0	1156.1463414634147
20140105	Returning Visitor	46	19	91162.0	1981.7826086956522
20140106	Returning Visitor	46	20	72777.0	1582.108695652174
20140107	Returning Visitor	45	17	102781.0	2284.0222222222224
20140108	Returning Visitor	53	16	95959.0	1810.5471698113208
20140109	Returning Visitor	41	17	91870.0	2240.731707317073
20140110	Returning Visitor	51	20	85345.0	1673.4313725490197
20140111	Returning Visitor	29	12	74892.0	2582.4827586206898
20140112	Returning Visitor	38	18	86396.0	2273.5789473684213
20140113	Returning Visitor	45	18	105266.0	2339.2444444444445
20140114	Returning Visitor	49	18	93819.0	1914.6734693877552
20140115	Returning Visitor	46	16	86868.0	1888.4347826086957
20140116	Returning Visitor	48	14	82147.0	1711.3958333333333
20140117	Returning Visitor	37	11	103878.0	2807.5135135135133
20140118	Returning Visitor	43	13	68422.0	1591.2093023255813
20140119	Returning Visitor	34	17	64436.0	1895.1764705882354
20140120	Returning Visitor	41	14	56234.0	1371.560975609756
20140121	Returning Visitor	36	14	56065.0	1557.361111111111
20140122	Returning Visitor	33	18	75443.0	2286.151515151515
20140123	Returning Visitor	33	10	74982.0	2272.181818181818
20140124	Returning Visitor	32	9	62020.0	1938.125
20140125	Returning Visitor	37	16	55322.0	1495.1891891891892
20140126	Returning Visitor	68	46	89032.0	1309.2941176470588
20140127	Returning Visitor	74	38	102712.0	1388.0
20140128	Returning Visitor	63	36	87574.0	1390.063492063492
20140129	Returning Visitor	67	31	72249.0	1078.3432835820895
20140130	Returning Visitor	47	23	66636.0	1417.787234042553
20140131	Returning Visitor	46	19	69164.0	1503.5652173913043
20140201	Returning Visitor	36	18	59774.0	1660.388888888889
20140202	Returning Visitor	43	17	70672.0	1643.5348837209303
20140203	Returning Visitor	46	23	87537.0	1902.9782608695652
20140204	Returning Visitor	53	28	70822.0	1336.2641509433963
20140205	Returning Visitor	40	19	70908.0	1772.7
20140206	Returning Visitor	53	22	156160.0	2946.4150943396226
20140207	Returning Visitor	53	25	128897.0	2432.0188679245284
20140208	Returning Visitor	48	18	120846.0	2517.625
20140209	Returning Visitor	50	22	145283.0	2905.66
20140210	Returning Visitor	41	18	131259.0	3201.439024390244
20140211	Returning Visitor	58	23	124489.0	2146.362068965517
20140212	Returning Visitor	55	22	144063.0	2619.327272727273
20140213	Returning Visitor	65	24	112054.0	1723.9076923076923
20140214	Returning Visitor	52	20	119350.0	2295.1923076923076
20140215	Returning Visitor	40	22	69495.0	1737.375
20140216	Returning Visitor	57	25	81955.0	1437.8070175438597
20140217	Returning Visitor	72	27	144736.0	2010.2222222222222
20140218	Returning Visitor	49	21	106190.0	2167.1428571428573
20140219	Returning Visitor	52	24	124882.0	2401.576923076923
20140220	Returning Visitor	51	19	114496.0	2245.0196078431372
20140221	Returning Visitor	44	20	105702.0	2402.318181818182
20140222	Returning Visitor	35	19	56640.0	1618.2857142857142
20140223	Returning Visitor	29	16	32068.0	1105.7931034482758
20140224	Returning Visitor	33	17	73892.0	2239.151515151515
20140225	Returning Visitor	49	18	110213.0	2249.2448979591836
20140226	Returning Visitor	48	24	100488.0	2093.5
20140227	Returning Visitor	48	22	82634.0	1721.5416666666667
20140228	Returning Visitor	48	20	91291.0	1901.8958333333333
20140301	Returning Visitor	22	11	35495.0	1613.409090909091
20140302	Returning Visitor	30	14	53432.0	1781.0666666666666
20140303	Returning Visitor	43	18	71158.0	1654.8372093023256
20140304	Returning Visitor	33	17	39626.0	1200.7878787878788
20140305	Returning Visitor	33	18	77852.0	2359.151515151515
20140306	Returning Visitor	35	17	54947.0	1569.9142857142858
20140307	Returning Visitor	38	23	69325.0	1824.342105263158
20140308	Returning Visitor	27	20	36997.0	1370.2592592592594
20140309	Returning Visitor	39	18	57775.0	1481.4102564102564
20140310	Returning Visitor	36	19	68392.0	1899.7777777777778
20140311	Returning Visitor	38	20	67877.0	1786.2368421052631
20140312	Returning Visitor	42	22	79000.0	1880.952380952381
20140313	Returning Visitor	44	21	79177.0	1799.4772727272727
20140314	Returning Visitor	46	19	83895.0	1823.804347826087
20140315	Returning Visitor	33	22	54835.0	1661.6666666666667
20140316	Returning Visitor	37	20	51147.0	1382.3513513513512
20140317	Returning Visitor	52	27	78069.0	1501.326923076923
20140318	Returning Visitor	35	20	76616.0	2189.0285714285715
20140319	Returning Visitor	47	23	109488.0	2329.531914893617
20140320	Returning Visitor	38	18	88571.0	2330.815789473684
20140321	Returning Visitor	42	20	77347.0	1841.595238095238
20140322	Returning Visitor	21	13	20887.0	994.6190476190476
20140323	Returning Visitor	34	16	58189.0	1711.4411764705883
20140324	Returning Visitor	44	20	84816.0	1927.6363636363637
20140325	Returning Visitor	45	20	83010.0	1844.6666666666667
20140326	Returning Visitor	23	16	55385.0	2408.0434782608695
20140327	Returning Visitor	43	20	84757.0	1971.093023255814
20140328	Returning Visitor	43	21	92628.0	2154.139534883721
20140329	Returning Visitor	17	12	47236.0	2778.5882352941176
20140330	Returning Visitor	25	12	54038.0	2161.52
20140331	Returning Visitor	30	16	73881.0	2462.7
20140401	Returning Visitor	32	16	56282.0	1758.8125
20140402	Returning Visitor	42	21	92597.0	2204.690476190476
20140403	Returning Visitor	41	23	72178.0	1760.439024390244
20140404	Returning Visitor	32	16	78744.0	2460.75
20140405	Returning Visitor	33	15	46818.0	1418.7272727272727
20140406	Returning Visitor	33	16	70341.0	2131.5454545454545
20140407	Returning Visitor	31	13	47485.0	1531.774193548387
20140408	Returning Visitor	37	20	71680.0	1937.2972972972973
20140409	Returning Visitor	36	17	83462.0	2318.3888888888887
20140410	Returning Visitor	43	16	100453.0	2336.1162790697676
20140411	Returning Visitor	38	16	76210.0	2005.5263157894738
20140412	Returning Visitor	36	13	78164.0	2171.222222222222
20140413	Returning Visitor	28	14	76447.0	2730.25
20140414	Returning Visitor	28	13	60365.0	2155.8928571428573
20140415	Returning Visitor	32	13	52650.0	1645.3125
20140416	Returning Visitor	25	13	66237.0	2649.48
20140417	Returning Visitor	34	14	70392.0	2070.3529411764707
20140418	Returning Visitor	33	13	60357.0	1829.0
20140419	Returning Visitor	26	12	60370.0	2321.923076923077
20140420	Returning Visitor	38	12	96471.0	2538.7105263157896
20140421	Returning Visitor	39	16	73886.0	1894.5128205128206
20140422	Returning Visitor	26	14	79670.0	3064.230769230769
20140423	Returning Visitor	49	23	64829.0	1323.0408163265306
20140424	Returning Visitor	38	17	64363.0	1693.7631578947369
20140425	Returning Visitor	33	13	50430.0	1528.1818181818182
20140426	Returning Visitor	33	13	64967.0	1968.6969696969697
20140427	Returning Visitor	40	17	103309.0	2582.725
20140428	Returning Visitor	29	15	48139.0	1659.9655172413793
20140429	Returning Visitor	29	18	66131.0	2280.3793103448274
20140430	Returning Visitor	29	17	70037.0	2415.0689655172414
20140501	Returning Visitor	27	12	58426.0	2163.925925925926
20140502	Returning Visitor	41	23	70961.0	1730.7560975609756
20140503	Returning Visitor	19	10	46092.0	2425.8947368421054
20140504	Returning Visitor	28	15	79735.0	2847.6785714285716
20140505	Returning Visitor	40	17	80390.0	2009.75
20140506	Returning Visitor	25	14	74630.0	2985.2
20140507	Returning Visitor	29	13	59748.0	2060.2758620689656
20140508	Returning Visitor	31	13	54170.0	1747.4193548387098
20140509	Returning Visitor	24	10	46418.0	1934.0833333333333
20140510	Returning Visitor	33	13	73772.0	2235.5151515151515
20140511	Returning Visitor	26	10	40094.0	1542.076923076923
20140512	Returning Visitor	45	20	87050.0	1934.4444444444443
20140513	Returning Visitor	32	16	75917.0	2372.40625
20140514	Returning Visitor	35	15	72058.0	2058.8
20140515	Returning Visitor	27	10	53014.0	1963.4814814814815
20140516	Returning Visitor	29	12	53043.0	1829.0689655172414
20140517	Returning Visitor	24	13	46370.0	1932.0833333333333
20140518	Returning Visitor	32	16	65102.0	2034.4375
20140519	Returning Visitor	37	16	72282.0	1953.5675675675675
20140520	Returning Visitor	41	17	71874.0	1753.0243902439024
20140521	Returning Visitor	39	14	84582.0	2168.769230769231
20140522	Returning Visitor	54	23	99694.0	1846.1851851851852
20140523	Returning Visitor	47	20	77071.0	1639.8085106382978
20140524	Returning Visitor	24	12	40668.0	1694.5
20140525	Returning Visitor	35	14	50599.0	1445.6857142857143
20140526	Returning Visitor	46	16	79460.0	1727.391304347826
20140527	Returning Visitor	36	13	76209.0	2116.9166666666665
20140528	Returning Visitor	36	16	78496.0	2180.4444444444443
20140529	Returning Visitor	37	17	79121.0	2138.4054054054054
20140530	Returning Visitor	33	15	56513.0	1712.5151515151515
20140531	Returning Visitor	22	9	46522.0	2114.6363636363635
20140601	Returning Visitor	25	12	40880.0	1635.2
20140602	Returning Visitor	34	15	69953.0	2057.4411764705883
20140603	Returning Visitor	31	16	54361.0	1753.5806451612902
20140604	Returning Visitor	32	13	55694.0	1740.4375
20140605	Returning Visitor	31	9	52250.0	1685.483870967742
20140606	Returning Visitor	31	15	55152.0	1779.0967741935483
20140607	Returning Visitor	41	14	54077.0	1318.9512195121952
20140608	Returning Visitor	27	10	49016.0	1815.4074074074074
20140609	Returning Visitor	42	14	88615.0	2109.8809523809523
20140610	Returning Visitor	37	15	61948.0	1674.2702702702702
20140611	Returning Visitor	33	13	52927.0	1603.8484848484848
20140612	Returning Visitor	33	15	78825.0	2388.6363636363635
20140613	Returning Visitor	27	14	41702.0	1544.5185185185185
20140614	Returning Visitor	29	13	52977.0	1826.7931034482758
20140615	Returning Visitor	28	11	33415.0	1193.392857142857
20140616	Returning Visitor	25	14	29707.0	1188.28
20140617	Returning Visitor	37	17	68237.0	1844.2432432432433
20140618	Returning Visitor	32	15	59956.0	1873.625
20140619	Returning Visitor	44	19	84988.0	1931.5454545454545
20140620	Returning Visitor	37	18	50419.0	1362.6756756756756
20140621	Returning Visitor	20	15	34430.0	1721.5
20140622	Returning Visitor	39	19	61830.0	1585.3846153846155
20140623	Returning Visitor	47	23	66695.0	1419.0425531914893
20140624	Returning Visitor	35	18	54900.0	1568.5714285714287
20140625	Returning Visitor	36	16	47332.0	1314.7777777777778
20140626	Returning Visitor	27	10	56140.0	2079.259259259259
20140627	Returning Visitor	29	15	44106.0	1520.896551724138
20140628	Returning Visitor	19	8	19297.0	1015.6315789473684
20140629	Returning Visitor	27	13	50901.0	1885.2222222222222
20140630	Returning Visitor	37	16	50635.0	1368.5135135135135
20140701	Returning Visitor	32	13	49652.0	1551.625
20140702	Returning Visitor	19	12	27533.0	1449.1052631578948
20140703	Returning Visitor	26	13	59887.0	2303.346153846154
20140704	Returning Visitor	31	13	64133.0	2068.8064516129034
20140705	Returning Visitor	21	10	31705.0	1509.7619047619048
20140706	Returning Visitor	39	12	65339.0	1675.3589743589744
20140707	Returning Visitor	28	10	49505.0	1768.0357142857142
20140708	Returning Visitor	17	9	32782.0	1928.3529411764705
20140709	Returning Visitor	35	19	67185.0	1919.5714285714287
20140710	Returning Visitor	25	13	51843.0	2073.72
20140711	Returning Visitor	22	16	30631.0	1392.3181818181818
20140712	Returning Visitor	22	8	27717.0	1259.8636363636363
20140713	Returning Visitor	19	10	20737.0	1091.421052631579
20140714	Returning Visitor	29	11	31986.0	1102.9655172413793
20140715	Returning Visitor	22	13	36310.0	1650.4545454545455
20140716	Returning Visitor	21	10	37451.0	1783.3809523809523
20140717	Returning Visitor	18	8	23178.0	1287.6666666666667
20140718	Returning Visitor	24	13	30926.0	1288.5833333333333
20140719	Returning Visitor	17	8	43958.0	2585.764705882353
20140720	Returning Visitor	12	8	3851.0	320.9166666666667
20140721	Returning Visitor	18	11	14010.0	778.3333333333334
20140722	Returning Visitor	19	10	10599.0	557.8421052631579
20140723	Returning Visitor	18	10	26524.0	1473.5555555555557
20140724	Returning Visitor	18	12	25463.0	1414.611111111111
20140725	Returning Visitor	24	11	21332.0	888.8333333333334
20140726	Returning Visitor	23	9	38415.0	1670.2173913043478
20140727	Returning Visitor	25	12	31913.0	1276.52
20140728	Returning Visitor	26	13	26360.0	1013.8461538461538
20140729	Returning Visitor	29	15	49040.0	1691.0344827586207
20140730	Returning Visitor	24	16	31371.0	1307.125
20140731	Returning Visitor	21	8	28075.0	1336.904761904762
20140801	Returning Visitor	23	12	22081.0	960.0434782608696
20140802	Returning Visitor	13	7	8643.0	664.8461538461538
20140803	Returning Visitor	24	11	28575.0	1190.625
20140804	Returning Visitor	20	11	25600.0	1280.0
