Iteration	Day	Players
1 	1 	12.5
1 	2 	134.116666667
1 	3 	82.4666666667
1 	4 	55.4166666667
1 	5 	204.15
1 	6 	135.45
1 	7 	95.7
1 	8 	72.1
1 	9 	57.6
1 	10 	193.4
1 	11 	131.45
1 	12 	95.85
1 	13 	74.9
1 	14 	153.966666667
1 	15 	109.916666667
1 	16 	84.4833333333
1 	17 	69.4166666667
1 	18 	60.1166666667
1 	19 	54.1
1 	20 	49.95
1 	21 	46.9
1 	22 	44.5166666667
1 	23 	42.55
1 	24 	40.8666666667
1 	25 	39.3833333333
1 	26 	38.05
1 	27 	36.8166666667
1 	28 	70.1166666667
1 	29 	54.6666666667
1 	30 	45.7666666667
1 	31 	40.4666666667
1 	32 	37.1666666667
1 	33 	34.9833333333
1 	34 	33.45
1 	35 	32.2833333333
1 	36 	40.4166666667
1 	37 	35.75
1 	38 	32.9
1 	39 	31.0666666667
1 	40 	29.8
1 	41 	28.85
1 	42 	30.0
1 	43 	28.55
1 	44 	27.5333333333
1 	45 	26.7666666667
1 	46 	26.15
1 	47 	25.6
1 	48 	25.1166666667
1 	49 	24.6666666667
1 	50 	24.25
1 	51 	23.85
1 	52 	23.4666666667
1 	53 	23.1
1 	54 	22.75
1 	55 	22.4
1 	56 	22.3166666667
1 	57 	21.8833333333
1 	58 	21.5166666667
1 	59 	21.15
1 	60 	20.85
1 	61 	20.5666666667
1 	62 	20.3
1 	63 	20.0333333333
1 	64 	19.7833333333
1 	65 	19.5333333333
1 	66 	19.2833333333
1 	67 	19.05
1 	68 	18.8166666667
1 	69 	18.6
1 	70 	18.3833333333
1 	71 	18.1666666667
1 	72 	17.9666666667
1 	73 	17.7666666667
1 	74 	17.5666666667
1 	75 	17.3833333333
1 	76 	17.1833333333
1 	77 	17.0
1 	78 	16.8333333333
1 	79 	16.65
1 	80 	16.4833333333
1 	81 	16.3166666667
1 	82 	16.1666666667
1 	83 	16.0
1 	84 	15.85
1 	85 	15.7
1 	86 	15.55
1 	87 	15.4
1 	88 	15.25
1 	89 	15.1166666667
1 	90 	14.9833333333
1 	91 	14.85
1 	92 	14.7166666667
1 	93 	14.5833333333
1 	94 	14.4666666667
1 	95 	14.3333333333
1 	96 	14.2166666667
1 	97 	14.1
1 	98 	13.9833333333
1 	99 	13.8666666667
1 	100 	13.75
1 	101 	13.65
1 	102 	13.5333333333
1 	103 	13.4333333333
1 	104 	13.3333333333
1 	105 	13.2333333333
1 	106 	13.1166666667
1 	107 	13.0333333333
1 	108 	12.9333333333
1 	109 	12.8333333333
1 	110 	12.7333333333
1 	111 	12.65
1 	112 	12.55
1 	113 	12.4666666667
1 	114 	12.3833333333
1 	115 	12.2833333333
1 	116 	12.2
1 	117 	12.1166666667
1 	118 	12.0333333333
1 	119 	11.95
1 	120 	11.8833333333
1 	121 	11.8
1 	122 	11.7166666667
1 	123 	11.65
1 	124 	11.5666666667
1 	125 	11.5
1 	126 	11.4166666667
1 	127 	11.35
1 	128 	11.2833333333
1 	129 	11.2
1 	130 	11.1333333333
1 	131 	11.0666666667
1 	132 	11.0
1 	133 	10.9333333333
1 	134 	10.8666666667
1 	135 	10.8
1 	136 	10.7333333333
1 	137 	10.6833333333
1 	138 	10.6166666667
1 	139 	10.55
1 	140 	10.5
1 	141 	10.4333333333
1 	142 	10.3833333333
1 	143 	10.3166666667
1 	144 	10.2666666667
1 	145 	10.2
1 	146 	10.15
1 	147 	10.0833333333
1 	148 	10.0333333333
1 	149 	9.98333333333
1 	150 	9.93333333333
1 	151 	9.88333333333
1 	152 	9.81666666667
1 	153 	9.76666666667
1 	154 	9.71666666667
1 	155 	9.66666666667
1 	156 	9.61666666667
1 	157 	9.56666666667
1 	158 	9.53333333333
1 	159 	9.48333333333
1 	160 	9.43333333333
1 	161 	9.38333333333
1 	162 	9.33333333333
1 	163 	9.28333333333
1 	164 	9.25
1 	165 	9.2
1 	166 	9.15
1 	167 	9.11666666667
1 	168 	9.06666666667
1 	169 	9.03333333333
1 	170 	8.98333333333
1 	171 	8.95
1 	172 	8.9
1 	173 	8.86666666667
1 	174 	8.81666666667
1 	175 	8.78333333333
1 	176 	8.73333333333
1 	177 	8.7
1 	178 	8.66666666667
1 	179 	8.61666666667
1 	180 	8.58333333333
1 	181 	8.55
1 	182 	8.51666666667
1 	183 	8.46666666667
1 	184 	8.43333333333
1 	185 	8.4
1 	186 	8.36666666667
1 	187 	8.33333333333
1 	188 	8.3
1 	189 	8.25
1 	190 	8.21666666667
1 	191 	8.18333333333
1 	192 	8.15
1 	193 	8.11666666667
1 	194 	8.08333333333
1 	195 	8.05
1 	196 	8.01666666667
1 	197 	7.98333333333
1 	198 	7.95
1 	199 	7.91666666667
1 	200 	7.9
1 	201 	7.86666666667
1 	202 	7.83333333333
1 	203 	7.8
1 	204 	7.76666666667
1 	205 	7.73333333333
1 	206 	7.71666666667
1 	207 	7.68333333333
1 	208 	7.65
1 	209 	7.61666666667
1 	210 	7.6
1 	211 	7.56666666667
1 	212 	7.53333333333
1 	213 	7.5
1 	214 	7.48333333333
1 	215 	7.45
1 	216 	7.43333333333
1 	217 	7.4
1 	218 	7.36666666667
1 	219 	7.35
1 	220 	7.31666666667
1 	221 	7.28333333333
1 	222 	7.26666666667
1 	223 	7.23333333333
1 	224 	7.21666666667
1 	225 	7.18333333333
1 	226 	7.16666666667
1 	227 	7.13333333333
1 	228 	7.11666666667
1 	229 	7.08333333333
1 	230 	7.06666666667
1 	231 	7.03333333333
1 	232 	7.01666666667
1 	233 	7.0
1 	234 	6.96666666667
1 	235 	6.95
1 	236 	6.91666666667
1 	237 	6.9
1 	238 	6.88333333333
1 	239 	6.85
1 	240 	6.83333333333
1 	241 	6.8
1 	242 	6.78333333333
1 	243 	6.76666666667
1 	244 	6.73333333333
1 	245 	6.71666666667
1 	246 	6.7
1 	247 	6.68333333333
1 	248 	6.65
1 	249 	6.63333333333
1 	250 	6.61666666667
1 	251 	6.58333333333
1 	252 	6.56666666667
1 	253 	6.55
1 	254 	6.53333333333
1 	255 	6.51666666667
1 	256 	6.48333333333
1 	257 	6.46666666667
1 	258 	6.45
1 	259 	6.43333333333
1 	260 	6.41666666667
1 	261 	6.38333333333
1 	262 	6.36666666667
1 	263 	6.35
1 	264 	6.33333333333
1 	265 	6.31666666667
1 	266 	6.3
1 	267 	6.28333333333
1 	268 	6.25
1 	269 	6.23333333333
1 	270 	6.21666666667
1 	271 	6.2
1 	272 	6.18333333333
1 	273 	6.16666666667
1 	274 	6.15
1 	275 	6.13333333333
1 	276 	6.11666666667
1 	277 	6.1
1 	278 	6.08333333333
1 	279 	6.06666666667
1 	280 	6.05
1 	281 	6.03333333333
1 	282 	6.01666666667
1 	283 	6.0
1 	284 	5.98333333333
1 	285 	5.96666666667
1 	286 	5.95
1 	287 	5.93333333333
1 	288 	5.91666666667
1 	289 	5.9
1 	290 	5.88333333333
1 	291 	5.86666666667
1 	292 	5.85
1 	293 	5.83333333333
1 	294 	5.81666666667
1 	295 	5.8
1 	296 	5.78333333333
1 	297 	5.76666666667
1 	298 	5.75
1 	299 	5.73333333333
1 	300 	5.71666666667
1 	301 	5.71666666667
1 	302 	5.7
1 	303 	5.68333333333
1 	304 	5.66666666667
1 	305 	5.65
1 	306 	5.63333333333
1 	307 	5.61666666667
1 	308 	5.6
1 	309 	5.6
1 	310 	5.58333333333
1 	311 	5.56666666667
1 	312 	5.55
1 	313 	5.53333333333
1 	314 	5.51666666667
1 	315 	5.51666666667
1 	316 	5.5
1 	317 	5.48333333333
1 	318 	5.46666666667
1 	319 	5.45
1 	320 	5.43333333333
1 	321 	5.43333333333
1 	322 	5.41666666667
1 	323 	5.4
1 	324 	5.38333333333
1 	325 	5.36666666667
1 	326 	5.36666666667
1 	327 	5.35
1 	328 	5.33333333333
1 	329 	5.31666666667
1 	330 	5.31666666667
1 	331 	5.3
1 	332 	5.28333333333
1 	333 	5.26666666667
1 	334 	5.26666666667
1 	335 	5.25
1 	336 	5.23333333333
1 	337 	5.21666666667
1 	338 	5.21666666667
1 	339 	5.2
1 	340 	5.18333333333
1 	341 	5.16666666667
1 	342 	5.16666666667
1 	343 	5.15
1 	344 	5.13333333333
1 	345 	5.13333333333
1 	346 	5.11666666667
1 	347 	5.1
1 	348 	5.1
1 	349 	5.08333333333
1 	350 	5.06666666667
1 	351 	5.05
1 	352 	5.05
1 	353 	5.03333333333
1 	354 	5.01666666667
1 	355 	5.01666666667
1 	356 	5.0
1 	357 	4.98333333333
