Iteration	Day	Players
1 	1 	12.5
1 	2 	134.116666667
1 	3 	389.833333333
1 	4 	912.65
1 	5 	1770.73333333
1 	6 	2351.4
1 	7 	2022.26666667
1 	8 	1775.43333333
1 	9 	1582.96666667
1 	10 	1022.83333333
1 	11 	704.916666667
1 	12 	521.35
1 	13 	412.633333333
1 	14 	345.95
1 	15 	303.116666667
1 	16 	274.033333333
1 	17 	253.05
1 	18 	237.016666667
1 	19 	224.1
1 	20 	213.266666667
1 	21 	203.883333333
1 	22 	195.566666667
1 	23 	188.083333333
1 	24 	181.283333333
1 	25 	175.033333333
1 	26 	169.266666667
1 	27 	163.916666667
1 	28 	158.95
1 	29 	154.3
1 	30 	149.95
1 	31 	145.866666667
1 	32 	142.016666667
1 	33 	138.4
1 	34 	134.966666667
1 	35 	131.733333333
1 	36 	128.666666667
1 	37 	125.75
1 	38 	122.983333333
1 	39 	120.333333333
1 	40 	117.833333333
1 	41 	115.433333333
1 	42 	113.133333333
1 	43 	110.95
1 	44 	108.85
1 	45 	106.833333333
1 	46 	104.916666667
1 	47 	103.066666667
1 	48 	101.283333333
1 	49 	99.5666666667
1 	50 	97.9166666667
1 	51 	96.3333333333
1 	52 	94.8
1 	53 	93.3166666667
1 	54 	91.9
1 	55 	90.5166666667
1 	56 	89.1833333333
1 	57 	87.9
1 	58 	86.65
1 	59 	85.4333333333
1 	60 	84.2666666667
1 	61 	83.1333333333
1 	62 	82.0333333333
1 	63 	80.9666666667
1 	64 	79.9166666667
1 	65 	78.9166666667
1 	66 	77.9333333333
1 	67 	76.9833333333
1 	68 	76.05
1 	69 	75.15
1 	70 	74.2833333333
1 	71 	73.4166666667
1 	72 	72.5833333333
1 	73 	71.7666666667
1 	74 	70.9833333333
1 	75 	70.2166666667
1 	76 	69.45
1 	77 	68.7166666667
1 	78 	68.0
1 	79 	67.3
1 	80 	66.6166666667
1 	81 	65.95
1 	82 	65.2833333333
1 	83 	64.65
1 	84 	64.0333333333
1 	85 	63.4166666667
1 	86 	62.8166666667
1 	87 	62.2333333333
1 	88 	61.65
1 	89 	61.0833333333
1 	90 	60.5333333333
1 	91 	60.0
1 	92 	59.4666666667
1 	93 	58.95
1 	94 	58.45
1 	95 	57.95
1 	96 	57.45
1 	97 	56.9833333333
1 	98 	56.5
1 	99 	56.05
1 	100 	55.5833333333
1 	101 	55.15
1 	102 	54.7
1 	103 	54.2833333333
1 	104 	53.85
1 	105 	53.45
1 	106 	53.0333333333
1 	107 	52.6333333333
1 	108 	52.2333333333
1 	109 	51.85
1 	110 	51.4666666667
1 	111 	51.1
1 	112 	50.7333333333
1 	113 	50.3666666667
1 	114 	50.0166666667
1 	115 	49.6666666667
1 	116 	49.3166666667
1 	117 	48.9833333333
1 	118 	48.65
1 	119 	48.3166666667
1 	120 	47.9833333333
1 	121 	47.6666666667
1 	122 	47.35
1 	123 	47.05
1 	124 	46.7333333333
1 	125 	46.4333333333
1 	126 	46.15
1 	127 	45.85
1 	128 	45.5666666667
1 	129 	45.2833333333
1 	130 	45.0
1 	131 	44.7166666667
1 	132 	44.45
1 	133 	44.1833333333
1 	134 	43.9166666667
1 	135 	43.65
1 	136 	43.4
1 	137 	43.15
1 	138 	42.9
1 	139 	42.65
1 	140 	42.4
1 	141 	42.1666666667
1 	142 	41.9166666667
1 	143 	41.6833333333
1 	144 	41.45
1 	145 	41.2333333333
1 	146 	41.0
1 	147 	40.7833333333
1 	148 	40.55
1 	149 	40.3333333333
1 	150 	40.1166666667
1 	151 	39.9166666667
1 	152 	39.7
1 	153 	39.5
1 	154 	39.2833333333
1 	155 	39.0833333333
1 	156 	38.8833333333
1 	157 	38.6833333333
1 	158 	38.4833333333
1 	159 	38.3
1 	160 	38.1
1 	161 	37.9166666667
1 	162 	37.7333333333
1 	163 	37.55
1 	164 	37.3666666667
1 	165 	37.1833333333
1 	166 	37.0
1 	167 	36.8166666667
1 	168 	36.65
1 	169 	36.4833333333
1 	170 	36.3
1 	171 	36.1333333333
1 	172 	35.9666666667
1 	173 	35.8
1 	174 	35.6333333333
1 	175 	35.4666666667
1 	176 	35.3166666667
1 	177 	35.15
1 	178 	35.0
1 	179 	34.8333333333
1 	180 	34.6833333333
1 	181 	34.5333333333
1 	182 	34.3833333333
1 	183 	34.2333333333
1 	184 	34.0833333333
1 	185 	33.9333333333
1 	186 	33.8
1 	187 	33.65
1 	188 	33.5
1 	189 	33.3666666667
1 	190 	33.2166666667
1 	191 	33.0833333333
1 	192 	32.95
1 	193 	32.8166666667
1 	194 	32.6833333333
1 	195 	32.55
1 	196 	32.4166666667
1 	197 	32.2833333333
1 	198 	32.15
1 	199 	32.0166666667
1 	200 	31.9
1 	201 	31.7666666667
1 	202 	31.65
1 	203 	31.5166666667
1 	204 	31.4
1 	205 	31.2833333333
1 	206 	31.15
1 	207 	31.0333333333
1 	208 	30.9166666667
1 	209 	30.8
1 	210 	30.6833333333
1 	211 	30.5666666667
1 	212 	30.45
1 	213 	30.3333333333
1 	214 	30.2333333333
1 	215 	30.1166666667
1 	216 	30.0
1 	217 	29.9
1 	218 	29.7833333333
1 	219 	29.6833333333
1 	220 	29.5666666667
1 	221 	29.4666666667
1 	222 	29.35
1 	223 	29.25
1 	224 	29.15
1 	225 	29.05
1 	226 	28.95
1 	227 	28.85
1 	228 	28.75
1 	229 	28.65
1 	230 	28.55
1 	231 	28.45
1 	232 	28.35
1 	233 	28.25
1 	234 	28.15
1 	235 	28.0666666667
1 	236 	27.9666666667
1 	237 	27.8666666667
1 	238 	27.7833333333
1 	239 	27.6833333333
1 	240 	27.6
1 	241 	27.5
1 	242 	27.4166666667
1 	243 	27.3333333333
1 	244 	27.2333333333
1 	245 	27.15
1 	246 	27.0666666667
1 	247 	26.9833333333
1 	248 	26.8833333333
1 	249 	26.8
1 	250 	26.7166666667
1 	251 	26.6333333333
1 	252 	26.55
1 	253 	26.4666666667
1 	254 	26.3833333333
1 	255 	26.3
1 	256 	26.2166666667
1 	257 	26.1333333333
1 	258 	26.0666666667
1 	259 	25.9833333333
1 	260 	25.9
1 	261 	25.8166666667
1 	262 	25.75
1 	263 	25.6666666667
1 	264 	25.5833333333
1 	265 	25.5166666667
1 	266 	25.4333333333
1 	267 	25.3666666667
1 	268 	25.2833333333
1 	269 	25.2166666667
1 	270 	25.1333333333
1 	271 	25.0666666667
1 	272 	25.0
1 	273 	24.9166666667
1 	274 	24.85
1 	275 	24.7833333333
1 	276 	24.7
1 	277 	24.6333333333
1 	278 	24.5666666667
1 	279 	24.5
1 	280 	24.4333333333
1 	281 	24.3666666667
1 	282 	24.2833333333
1 	283 	24.2166666667
1 	284 	24.15
1 	285 	24.0833333333
1 	286 	24.0166666667
1 	287 	23.95
1 	288 	23.8833333333
1 	289 	23.8166666667
1 	290 	23.7666666667
1 	291 	23.7
1 	292 	23.6333333333
1 	293 	23.5666666667
1 	294 	23.5
1 	295 	23.4333333333
1 	296 	23.3833333333
1 	297 	23.3166666667
1 	298 	23.25
1 	299 	23.2
1 	300 	23.1333333333
1 	301 	23.0666666667
1 	302 	23.0166666667
1 	303 	22.95
1 	304 	22.9
1 	305 	22.8333333333
1 	306 	22.7666666667
1 	307 	22.7166666667
1 	308 	22.65
1 	309 	22.6
1 	310 	22.5333333333
1 	311 	22.4833333333
1 	312 	22.4333333333
1 	313 	22.3666666667
1 	314 	22.3166666667
1 	315 	22.2666666667
1 	316 	22.2
1 	317 	22.15
1 	318 	22.1
1 	319 	22.0333333333
1 	320 	21.9833333333
1 	321 	21.9333333333
1 	322 	21.8833333333
1 	323 	21.8166666667
1 	324 	21.7666666667
1 	325 	21.7166666667
1 	326 	21.6666666667
1 	327 	21.6166666667
1 	328 	21.5666666667
1 	329 	21.5166666667
1 	330 	21.45
1 	331 	21.4
1 	332 	21.35
1 	333 	21.3
1 	334 	21.25
1 	335 	21.2
1 	336 	21.15
1 	337 	21.1
1 	338 	21.05
1 	339 	21.0
1 	340 	20.95
1 	341 	20.9166666667
1 	342 	20.8666666667
1 	343 	20.8166666667
1 	344 	20.7666666667
1 	345 	20.7166666667
1 	346 	20.6666666667
1 	347 	20.6166666667
1 	348 	20.5833333333
1 	349 	20.5333333333
1 	350 	20.4833333333
1 	351 	20.4333333333
1 	352 	20.4
1 	353 	20.35
1 	354 	20.3
1 	355 	20.25
1 	356 	20.2166666667
1 	357 	20.1666666667
